Time,MOS,BW,RTT,JIT,DJB,SNR
1,4.5,31.904,0,71,60,41
2,4.5,37.152,0,71,60,41
3,4.5,8.24,0,71,60,41
4,4.5,0,0,71,60,41
5,4.441375,86.2,148,88,40,36
6,4.441375,31.104,148,88,40,36
7,4.441375,22.936,148,88,40,36
8,4.441375,21.68,148,88,40,36
9,4.441375,20.8,148,88,40,36
10,4.229128,35.28,139,67,62,8
11,4.229128,40.464,139,67,62,8
12,4.229128,23.12,139,67,62,8
13,4.229128,25.64,139,67,62,8
14,4.258759,20.32,139,54,42,39
15,4.258759,23.88,139,54,42,39
16,4.258759,21.96,139,54,42,39
17,4.258759,34.776,139,54,42,39
18,4.258759,24.232,150,66,48,33
19,4.258759,22.56,150,66,48,33
20,4.258759,21.68,150,66,48,33
21,4.258759,22.56,150,66,48,33
22,4.258759,30,150,66,48,33
23,4.258759,24.712,150,66,48,33
24,4.258759,21.2,160,58,40,26
25,4.258759,21.472,160,58,40,26
26,4.258759,22.04,160,58,40,26
27,4.258759,22.52,160,58,40,26
28,4.258759,21.28,160,58,40,26
29,4.258759,21.64,160,58,40,26
30,4.258759,37.6,160,58,40,26
31,4.258759,27.56,160,58,40,26
32,4.229128,21.76,140,72,168,15
33,4.229128,23.744,140,72,168,15
34,4.229128,37.264,140,72,168,15
35,4.229128,35.104,140,72,168,15
36,4.258759,23.328,140,63,148,22
37,4.258759,22.68,140,63,148,22
38,4.258759,21.64,140,63,148,22
39,4.258759,27.392,151,64,128,22
40,4.258759,34.208,151,64,128,22
41,4.258759,22.92,151,64,128,22
42,4.258759,21.68,151,53,128,1
43,4.258759,23.248,151,53,128,1
44,4.258759,22.44,151,53,128,1
45,4.258759,23.48,151,53,128,1
46,4.258759,38.472,151,53,128,1
47,4.258759,37.832,151,53,128,1
48,4.286976,35.12,140,63,147,22
49,4.286976,21.92,140,63,147,22
50,4.286976,21.2,140,63,147,22
51,4.286976,29.376,140,63,147,22
52,4.286976,28.968,140,63,147,22
53,4.286976,22.68,140,63,147,22
54,4.258759,21.64,129,59,127,8
55,4.258759,22.6,129,59,127,8
56,4.258759,36.712,129,59,127,8
57,4.258759,30.744,129,59,127,8
58,4.258759,22.16,129,59,127,8
59,4.258759,26.664,129,59,127,8
60,4.286976,35.216,149,57,107,21
61,4.286976,33.704,149,57,107,21
62,4.286976,23.136,149,57,107,21
63,4.286976,21.32,149,57,107,21
64,4.286976,24.488,149,57,107,21
65,4.286976,21.72,149,57,107,21
66,4.286976,24.304,149,57,107,21
67,4.286976,25.832,149,57,107,21
68,4.286976,37.28,119,64,87,13
69,4.286976,38,119,64,87,13
70,4.286976,38.384,119,64,87,13
71,4.286976,23.888,119,64,87,13
72,4.286976,28.672,119,64,87,13
73,4.286976,28.008,119,64,87,13
74,4.286976,33.88,119,64,87,13
75,4.286976,38.008,141,72,67,19
76,4.286976,40.528,141,72,67,19
77,4.286976,39.112,141,72,67,19
78,4.286976,22.616,141,72,67,19
79,4.286976,38.904,141,72,67,19
80,4.286976,23.832,141,72,67,19
81,4.313737,24.344,118,64,84,12
82,4.313737,22.08,118,64,84,12
83,4.313737,22.6,118,64,84,12
84,4.313737,23.416,118,64,84,12
85,4.313737,23.864,118,64,84,12
86,4.313737,23.496,118,64,84,12
87,4.313737,22.28,118,64,84,12
88,4.313737,28.6,131,76,64,11
89,4.313737,40.8,131,76,64,11
90,4.313737,31.64,131,76,64,11
91,4.313737,40.608,131,76,64,11
92,4.286976,37.624,149,56,44,22
93,4.286976,39.632,149,56,44,22
94,4.286976,28.52,149,56,44,22
95,4.286976,23.136,149,56,44,22
96,4.286976,25.56,149,56,44,22
97,4.286976,34.088,191,75,53,9
98,4.286976,37.248,191,75,53,9
99,4.286976,23.32,191,75,53,9
100,4.286976,38.424,191,75,53,9
101,4.286976,33.56,191,75,53,9
102,4.286976,24.544,130,66,40,17
103,4.286976,21.68,130,66,40,17
104,4.286976,40.064,130,66,40,17
105,4.313737,35.6,128,67,40,22
106,4.313737,25.728,128,67,40,22
107,4.313737,32.136,128,67,40,22
108,4.313737,36.504,128,67,40,22
109,4.313737,40.736,128,67,40,22
110,4.313737,38.24,128,67,40,17
111,4.313737,23.672,128,67,40,17
112,4.313737,21.76,128,67,40,17
113,4.313737,21.36,128,67,40,17
114,4.313737,23.08,128,67,40,17
115,4.313737,31.56,128,67,40,17
116,4.313737,38.688,128,67,40,17
117,4.313737,39.592,160,72,43,23
118,4.313737,37.744,160,72,43,23
119,4.313737,25.272,160,72,43,23
120,4.313737,23.184,160,72,43,23
121,4.313737,21.24,119,68,40,12
122,4.313737,36.536,119,68,40,12
123,4.313737,40.32,119,68,40,12
124,4.313737,37.312,119,68,40,12
125,4.313737,23.912,119,68,40,12
126,4.313737,21.68,119,68,40,12
127,4.313737,23.496,119,68,40,12
128,4.313737,22.12,119,68,40,12
129,4.313737,23.768,119,68,40,12
130,4.313737,22.08,119,68,40,12
131,4.313737,22.12,129,78,82,25
132,4.313737,21.68,129,78,82,25
133,4.313737,29.792,129,78,82,25
134,4.313737,25.296,129,78,82,25
135,4.313737,22.52,129,78,82,25
136,4.313737,26.248,129,78,82,25
137,4.313737,22.52,140,74,42,34
138,4.313737,20.8,140,74,42,34
139,4.313737,22.52,140,74,42,34
140,4.313737,30.36,140,74,42,34
141,4.313737,35.696,140,74,42,34
142,4.313737,24.968,140,74,42,34
143,4.313737,33.168,140,77,42,13
144,4.313737,37.84,140,77,42,13
145,4.313737,29.016,140,77,42,13
146,4.313737,22.28,140,77,42,13
147,4.313737,32.52,140,77,42,13
148,4.313737,39.2,140,77,42,13
149,4.313737,26.152,140,77,42,13
150,4.313737,21.36,140,77,42,13
151,4.313737,22.6,131,84,90,14
152,4.313737,21.72,131,84,90,14
153,4.313737,26.792,131,84,90,14
154,4.313737,30.152,131,84,90,14
155,4.313737,23.2,131,84,90,14
156,4.313737,25.256,131,84,90,14
157,4.313737,34.688,121,77,70,15
158,4.313737,39.2,121,77,70,15
159,4.313737,38.512,121,77,70,15
160,4.313737,38.816,121,77,70,15
161,4.313737,32.304,121,79,50,28
162,4.313737,22.36,121,79,50,28
163,4.313737,27.776,121,79,50,28
164,4.313737,24.632,121,79,50,28
165,4.313737,21.2,121,79,50,28
166,4.313737,21.68,121,79,50,28
167,4.313737,28.64,121,79,50,28
168,4.313737,39.008,121,96,250,8
169,4.313737,36.88,121,96,250,8
170,4.313737,31.512,121,96,250,8
171,4.313737,26.488,121,96,250,8
172,4.313737,29.056,140,83,250,18
173,4.313737,22.8,140,83,250,18
174,4.313737,21.72,140,83,250,18
175,4.313737,22.56,140,83,250,18
176,4.313737,21.68,140,83,250,18
177,4.313737,23.36,140,83,250,18
178,4.313737,23.584,140,83,250,18
179,4.313737,24.32,130,85,230,15
180,4.313737,22.408,130,85,230,15
181,4.313737,22.08,130,85,230,15
182,4.313737,21.68,130,85,230,15
183,4.313737,22.68,130,85,230,15
184,4.313737,21.68,130,85,230,15
185,4.313737,22.64,130,85,230,15
186,4.313737,21.64,130,85,230,15
187,4.313737,21.28,130,85,230,15
188,4.313737,23,138,77,190,30
189,4.313737,30.536,138,77,190,30
190,4.313737,39.136,138,77,190,30
191,4.313737,39.512,138,77,190,30
192,4.313737,38.816,138,77,190,30
193,4.313737,31.704,138,77,190,30
194,4.313737,23.088,151,84,170,22
195,4.313737,22.52,151,84,170,22
196,4.313737,21.72,151,84,170,22
197,4.313737,34.704,151,84,170,22
198,4.313737,29.608,151,84,170,22
199,4.313737,27.648,151,84,170,22
200,4.313737,27.272,151,84,170,22
201,4.313737,21.2,129,79,150,16
202,4.313737,23.08,129,79,150,16
203,4.313737,24.056,129,79,150,16
204,4.313737,24.584,129,79,150,16
205,4.313737,31.848,129,79,150,16
206,4.313737,38.888,129,79,150,16
207,4.313737,30.032,129,79,150,16
208,4.313737,22.496,129,79,150,16
209,4.313737,28.576,130,89,110,8
210,4.313737,37.736,130,89,110,8
211,4.313737,22.832,130,89,110,8
212,4.313737,21.28,130,89,110,8
213,4.313737,33.28,130,89,110,8
214,4.313737,39.728,130,89,110,8
215,4.313737,33.096,130,89,110,8
216,4.313737,25.176,130,89,110,8
217,4.313737,34.528,130,89,110,8
218,4.313737,38.464,130,89,110,8
219,4.313737,37.52,137,83,70,25
220,4.313737,37.28,137,83,70,25
221,4.313737,39.792,137,83,70,25
222,4.313737,30.464,137,83,70,25
223,4.313737,38.664,137,83,70,25
224,4.313737,22.168,137,83,70,25
225,4.313737,24.816,137,83,70,25
226,4.313737,25.504,137,83,70,25
227,4.339,38.856,171,75,50,27
228,4.339,22.392,171,75,50,27
229,4.339,22.12,171,75,50,27
230,4.339,24.432,171,75,50,27
231,4.339,33.44,171,75,50,27
232,4.339,25.088,171,77,50,18
233,4.339,34.4,171,77,50,18
234,4.339,40.48,171,77,50,18
235,4.339,39.344,171,77,50,18
236,4.339,33.672,171,77,50,18
237,4.339,38.688,129,65,40,28
238,4.339,38.88,129,65,40,28
239,4.339,40.672,129,65,40,28
240,4.339,38.536,129,65,40,28
241,4.339,33.144,129,65,40,28
242,4.339,23.64,129,65,40,28
243,4.339,21.28,129,65,40,28
244,4.339,39.016,129,65,40,28
245,4.339,25.04,129,76,95,20
246,4.339,34.16,129,76,95,20
247,4.339,38.344,129,76,95,20
248,4.339,23.088,129,76,95,20
249,4.339,24.16,129,76,95,20
250,4.339,24,129,72,75,12
251,4.339,28.016,129,72,75,12
252,4.339,34.456,129,72,75,12
253,4.339,28.08,129,72,75,12
254,4.339,38.544,129,72,75,12
255,4.339,40.672,129,72,75,12
256,4.339,37.472,129,72,75,12
257,4.339,39.68,129,72,75,12
258,4.339,33.52,129,64,55,27
259,4.339,40.672,129,64,55,27
260,4.339,38.264,129,64,55,27
261,4.339,40.192,129,64,55,27
262,4.339,39.008,129,64,55,27
263,4.339,37.176,129,64,55,27
264,4.339,22.856,129,64,55,27
265,4.339,23.584,129,64,55,27
266,4.339,28.976,129,64,55,27
267,4.339,28,129,64,55,27
268,4.339,21.68,129,64,55,27
269,4.339,24.76,129,64,55,27
270,4.286976,23.248,650,164,250,14
271,4.286976,31.256,650,164,250,14
272,4.286976,22.704,650,164,250,14
273,4.286976,26.216,650,164,250,14
274,4.286976,28.264,650,164,250,14
275,4.286976,24,650,164,250,14
276,4.286976,21.8,650,164,250,14
277,4.229128,21.72,3292,193,250,21
278,4.229128,26.04,3292,193,250,21
279,4.229128,40.176,3292,193,250,21
280,4.229128,38.432,3292,193,250,21
281,4.229128,38.448,3292,193,250,21
282,4.198125,29.592,3292,168,250,13
283,4.198125,40.48,3292,168,250,13
284,4.198125,38.736,3292,168,250,13
285,4.198125,40.4,3292,168,250,13
286,4.165792,35.36,1910,157,250,19
287,4.165792,23.12,1910,157,250,19
288,4.165792,22.92,1910,157,250,19
289,4.165792,25.232,1910,157,250,19
290,4.165792,25.752,1910,157,250,19
291,4.132171,24.896,139,74,60,8
292,4.132171,23.808,139,74,60,8
293,4.132171,34.64,139,74,60,8
294,4.132171,39.2,139,74,60,8
295,4.132171,40.544,139,74,60,8
296,4.132171,30.224,139,72,40,20
297,4.132171,22.72,139,72,40,20
298,4.132171,22.2,139,72,40,20
299,4.132171,21.72,139,72,40,20
300,4.165792,26.68,130,91,210,10
301,4.165792,24.848,130,91,210,10
302,4.165792,34.52,130,91,210,10
303,4.165792,40.064,130,91,210,10
304,4.165792,39.072,130,91,210,10
305,4.165792,38.272,130,87,190,24
306,4.165792,36.392,130,87,190,24
307,4.165792,39.696,130,87,190,24
308,4.165792,38.608,130,87,190,24
309,4.165792,39.232,130,87,190,24
310,4.165792,33.68,129,71,170,20
311,4.165792,37.952,129,71,170,20
312,4.165792,33.184,129,71,170,20
313,4.165792,33.728,129,71,170,20
314,4.165792,38.336,129,71,170,20
315,4.165792,35.208,129,71,170,20
316,4.165792,38.208,129,71,170,20
317,4.165792,35.84,129,71,170,20
318,4.165792,22.904,129,71,170,20
319,4.165792,22.984,129,72,150,7
320,4.165792,25.864,129,72,150,7
321,4.165792,25.352,129,72,150,7
322,4.165792,35.912,129,72,150,7
323,4.165792,24.928,129,72,150,7
324,4.165792,21.64,139,106,250,1
325,4.165792,31.048,139,106,250,1
326,4.165792,21.72,139,106,250,1
327,4.165792,24.208,139,106,250,1
328,4.165792,29.072,139,106,250,1
329,4.165792,22.56,139,106,250,1
330,4.165792,21.76,139,106,250,1
331,4.165792,22.56,139,94,250,0
332,4.165792,22.08,139,94,250,0
333,4.165792,29.864,139,94,250,0
334,4.165792,34.904,139,94,250,0
335,4.165792,29.016,139,94,250,0
336,4.165792,23.896,138,81,210,12
337,4.165792,23.44,138,81,210,12
338,4.165792,28.312,138,81,210,12
339,4.165792,31.728,138,81,210,12
340,4.165792,37.76,138,81,210,12
341,4.165792,31.008,138,81,210,12
342,4.165792,39.136,138,81,210,12
343,4.165792,39.2,138,81,210,12
344,4.165792,30.904,120,69,190,27
345,4.165792,23.4,120,69,190,27
346,4.165792,24.2,120,69,190,27
347,4.165792,22.56,120,69,190,27
348,4.165792,21.68,120,69,190,27
349,4.165792,22.56,120,60,170,14
350,4.165792,21.72,120,60,170,14
351,4.165792,23.488,120,60,170,14
352,4.165792,24.648,120,60,170,14
353,4.165792,35.808,120,60,170,14
354,4.165792,39.2,120,60,170,14
355,4.165792,27.12,120,60,170,14
356,4.165792,21.2,150,75,150,6
357,4.165792,22.56,150,75,150,6
358,4.165792,24.208,150,75,150,6
359,4.165792,22.92,150,75,150,6
360,4.165792,23.24,150,75,150,6
361,4.165792,19.392,150,75,150,6
362,4.165792,25.44,150,75,150,6
363,4.165792,27.336,150,75,150,6
364,4.165792,22.12,139,84,222,17
365,4.165792,26.16,139,84,222,17
366,4.165792,22.08,139,84,222,17
367,4.165792,34.136,139,84,222,17
368,4.165792,32.536,139,84,222,17
369,4.165792,22.52,139,84,222,17
370,4.165792,23.304,139,84,222,17
371,4.165792,22.84,139,84,222,17
372,4.198125,23.992,119,69,202,17
373,4.198125,23.592,119,69,202,17
374,4.198125,23.672,119,69,202,17
375,4.198125,22.88,119,69,202,17
376,4.198125,21.76,119,69,202,17
377,4.198125,27.168,119,69,202,17
378,4.198125,33.84,119,69,202,17
379,4.198125,37.032,128,66,162,14
380,4.198125,30.104,128,66,162,14
381,4.198125,36.28,128,66,162,14
382,4.198125,33.296,128,66,162,14
383,4.198125,23.864,128,62,162,24
384,4.198125,27.224,128,62,162,24
385,4.198125,22.496,128,62,162,24
386,4.198125,23.088,128,62,162,24
387,4.198125,38.16,128,62,162,24
388,4.198125,31.632,128,62,162,24
389,4.198125,37.112,128,62,162,24
390,4.198125,23.968,128,62,162,24
391,4.198125,38.192,398,84,250,20
392,4.198125,23.024,398,84,250,20
393,4.198125,27.824,398,84,250,20
394,4.198125,24.544,398,84,250,20
395,4.198125,26.712,398,84,250,20
396,4.198125,25.376,398,84,250,20
397,4.198125,30.512,398,84,250,20
398,4.198125,24.24,300,77,230,13
399,4.198125,29.952,300,77,230,13
400,4.198125,33.568,300,77,230,13
401,4.198125,25.336,300,77,230,13
402,4.198125,33.16,300,77,230,13
403,4.198125,40.672,300,77,230,13
404,4.198125,39.456,300,77,230,13
405,4.198125,31.32,300,77,230,13
406,4.198125,25.488,300,59,190,30
407,4.198125,34.976,300,59,190,30
408,4.198125,38.816,300,59,190,30
409,4.198125,33.76,300,59,190,30
410,4.198125,28.592,300,59,190,30
411,4.198125,22.12,350,90,250,28
412,4.198125,34.08,350,90,250,28
413,4.198125,39.872,350,90,250,28
414,4.198125,35.504,350,90,250,28
415,4.198125,24.176,350,90,250,28
416,4.198125,29.176,350,90,250,28
417,4.198125,28.856,121,61,250,16
418,4.198125,22.08,121,61,250,16
419,4.198125,31.264,121,61,250,16
420,4.198125,10.392,121,61,250,16
