Time,MOS,BW,RTT,JIT,DJB,SNR
1,4.470369,42.52,0,538,82,23
2,4.470369,40.552,0,538,82,23
3,4.470369,43.224,0,538,82,23
4,4.470369,39.904,0,538,82,23
5,4.470369,42.376,0,538,82,23
6,4.470369,40.44,0,538,82,23
7,4.470369,42.584,112,500,62,24
8,4.470369,40.856,112,500,62,24
9,4.470369,42.392,112,500,62,24
10,4.456768,41.576,112,473,42,19
11,4.456768,42.64,112,473,42,19
12,4.456768,41.792,112,473,42,19
13,4.456768,41.36,112,473,42,19
14,4.456768,40.304,147,491,68,29
15,4.456768,43.504,147,491,68,29
16,4.456768,40.264,147,491,68,29
17,4.456768,42.176,147,491,68,29
18,4.456768,41.024,147,491,68,29
19,4.441375,42.728,112,429,48,24
20,4.441375,41.088,112,429,48,24
21,4.441375,42.504,112,429,48,24
22,4.441375,40.976,112,429,48,24
23,4.441375,42.248,112,429,48,24
24,4.441375,40.936,112,429,48,24
25,4.441375,41.224,122,488,48,29
26,4.441375,42.544,122,488,48,29
27,4.441375,42.616,122,488,48,29
28,4.441375,41.344,122,488,48,29
29,4.441375,41.432,122,488,48,29
30,4.441375,40.544,122,488,48,29
31,4.441375,41.32,120,466,40,20
32,4.441375,41.872,120,466,40,20
33,4.441375,42.272,120,466,40,20
34,4.441375,40.976,120,466,40,20
35,4.441375,42.744,121,546,154,24
36,4.441375,40.456,121,546,154,24
37,4.441375,39.288,121,546,154,24
38,4.441375,43.168,121,546,154,24
39,4.441375,42.792,121,546,154,24
40,4.441375,40.672,110,431,134,21
41,4.441375,42.192,110,431,134,21
42,4.441375,41.008,110,431,134,21
43,4.441375,43.04,110,431,134,21
44,4.441375,41.096,110,431,134,21
45,4.441375,41.736,110,431,134,21
46,4.424232,40.552,115,463,114,18
47,4.424232,42.536,115,463,114,18
48,4.424232,40.64,115,463,114,18
49,4.424232,42.6,115,463,114,18
50,4.424232,41.448,115,463,114,18
51,4.424232,41.696,132,404,94,24
52,4.424232,40.464,132,404,94,24
53,4.424232,42.672,132,404,94,24
54,4.424232,34.872,132,404,94,24
55,4.424232,47.944,132,404,94,24
56,4.424232,42.112,132,404,94,24
57,4.424232,41.456,129,464,74,21
58,4.424232,41.656,129,464,74,21
59,4.424232,41.288,129,464,74,21
60,4.424232,41.888,129,464,74,21
61,4.424232,42.4,129,464,74,21
62,4.424232,40.848,129,464,74,21
63,4.424232,42.792,129,464,74,21
64,4.424232,32.944,111,452,54,14
65,4.424232,49.84,111,452,54,14
66,4.424232,40.72,111,452,54,14
67,4.424232,42.52,111,452,54,14
68,4.424232,40.488,111,452,54,14
69,4.424232,41.896,111,452,54,14
70,4.424232,41.816,113,410,40,18
71,4.424232,42.592,113,410,40,18
72,4.424232,40.704,113,410,40,18
73,4.424232,42.36,113,410,40,18
74,4.424232,41.616,113,410,40,18
75,4.424232,41.76,113,410,40,18
76,4.424232,41.936,113,410,40,18
77,4.424232,41.168,119,400,40,16
78,4.424232,41.808,119,400,40,16
79,4.424232,41.256,119,400,40,16
80,4.424232,40.304,119,400,40,16
81,4.424232,42.624,119,400,40,16
82,4.424232,41.264,119,400,40,16
83,4.424232,42.344,121,403,40,20
84,4.424232,40.248,121,403,40,20
85,4.424232,42.016,121,403,40,20
86,4.424232,41.104,121,403,40,20
87,4.424232,42.328,121,403,40,20
88,4.424232,40.464,120,431,51,17
89,4.424232,42.632,120,431,51,17
90,4.424232,40.112,120,431,51,17
91,4.424232,39.664,120,431,51,17
92,4.424232,33.448,120,431,51,17
93,4.424232,52.176,120,431,51,17
94,4.405381,37.808,372,706,250,21
95,4.405381,44.448,372,706,250,21
96,4.405381,38.216,372,706,250,21
97,4.405381,36.488,372,706,250,21
98,4.405381,42.664,372,706,250,21
99,4.405381,39.072,372,706,250,21
100,4.405381,46.728,248,596,250,23
101,4.405381,46.096,248,596,250,23
102,4.405381,41.768,248,596,250,23
103,4.405381,38.464,248,596,250,23
104,4.405381,44.152,248,596,250,23
105,4.384864,41.056,382,422,230,24
106,4.384864,40.864,382,422,230,24
107,4.384864,42.544,382,422,230,24
108,4.384864,43.4,382,422,230,24
109,4.384864,39.688,382,422,230,24
110,4.384864,43.728,382,422,230,24
111,4.384864,42.4,382,422,230,24
112,4.384864,41.512,180,405,190,21
113,4.384864,42.12,180,405,190,21
114,4.384864,40.44,180,405,190,21
115,4.384864,42.872,180,405,190,21
116,4.384864,41.568,180,405,190,21
117,4.384864,42.136,180,405,190,21
118,4.384864,40.416,149,393,170,19
119,4.384864,42.584,149,393,170,19
120,4.384864,41.2,149,393,170,19
121,4.384864,40.728,149,393,170,19
122,4.384864,41.096,149,393,170,19
123,4.384864,41.816,139,369,150,17
124,4.384864,38.128,139,369,150,17
125,4.384864,44.112,139,369,150,17
126,4.384864,41.608,139,369,150,17
127,4.384864,41.984,139,369,150,17
128,4.384864,40.52,139,369,150,17
129,4.384864,42.24,139,369,150,17
130,4.384864,40.264,130,405,130,2
131,4.384864,42.408,130,405,130,2
132,4.384864,40.92,130,405,130,2
133,4.384864,41.6,130,405,130,2
134,4.384864,41.664,117,405,110,27
135,4.384864,42.496,117,405,110,27
136,4.384864,40.752,117,405,110,27
137,4.384864,42.088,117,405,110,27
138,4.384864,40.592,117,405,110,27
139,4.384864,43.056,117,405,110,27
140,4.384864,40.944,117,405,110,27
141,4.384864,41.968,117,405,110,27
142,4.384864,40.576,120,404,70,23
143,4.384864,42.088,120,404,70,23
144,4.384864,40.768,120,404,70,23
145,4.384864,42.728,120,404,70,23
146,4.384864,40.616,120,404,70,23
147,4.384864,41.96,120,404,70,23
148,4.384864,40.68,120,404,70,23
149,4.384864,42.456,121,368,50,24
150,4.384864,41.656,121,368,50,24
151,4.384864,41.648,121,368,50,24
152,4.384864,40.344,121,368,50,24
153,4.384864,41.248,121,368,50,24
154,4.384864,42.016,121,368,50,24
155,4.384864,42.96,121,368,50,24
156,4.384864,41.624,121,368,50,24
157,4.384864,41.4,118,390,51,22
158,4.384864,41.936,118,390,51,22
159,4.384864,40.6,118,390,51,22
160,4.384864,41.96,118,390,51,22
161,4.384864,43.184,118,390,51,22
162,4.384864,40.048,118,390,51,22
163,4.384864,42.544,150,381,41,2
164,4.384864,40.968,150,381,41,2
165,4.384864,40.56,150,381,41,2
166,4.384864,42.304,150,339,41,16
167,4.384864,42.448,150,339,41,16
168,4.384864,41.824,150,339,41,16
169,4.384864,41.872,150,339,41,16
170,4.384864,40.992,150,339,41,16
171,4.384864,42.56,150,339,41,16
172,4.384864,41.04,150,339,41,16
173,4.384864,42.56,122,399,42,3
174,4.384864,41.408,122,399,42,3
175,4.384864,41.88,122,399,42,3
176,4.384864,41,122,399,42,3
177,4.384864,42.336,122,399,42,3
178,4.384864,41.632,112,357,40,14
179,4.384864,42.008,112,357,40,14
180,4.384864,40.704,112,357,40,14
181,4.384864,42.088,112,357,40,14
182,4.384864,42.104,127,379,52,13
183,4.384864,38.24,127,379,52,13
184,4.384864,44.328,127,379,52,13
185,4.384864,42.256,127,379,52,13
186,4.384864,40.712,127,379,52,13
187,4.384864,42.776,127,361,40,17
188,4.384864,40.904,127,361,40,17
189,4.384864,41.72,127,361,40,17
190,4.384864,41.432,127,361,40,17
191,4.384864,41.696,127,361,40,17
192,4.384864,40.888,127,361,40,17
193,4.384864,41.896,127,361,40,17
194,4.384864,40.016,127,361,40,17
195,4.384864,42.76,127,361,40,17
196,4.384864,41.672,127,361,40,17
197,4.384864,41.56,108,378,40,5
198,4.384864,40.04,108,378,40,5
199,4.384864,42.304,108,378,40,5
200,4.384864,40.904,108,378,40,5
201,4.384864,43.048,115,379,40,18
202,4.384864,40.536,115,379,40,18
203,4.384864,41.4,115,379,40,18
204,4.384864,41.856,115,379,40,18
205,4.384864,42.688,115,379,40,18
206,4.384864,40.424,115,379,40,18
207,4.384864,42.096,115,379,40,18
208,4.384864,40.592,115,352,40,1
209,4.384864,42.352,115,352,40,1
210,4.384864,40.752,115,352,40,1
211,4.384864,41.856,115,352,40,1
212,4.384864,41.768,115,352,40,1
213,4.384864,42.608,109,365,40,1
214,4.384864,40.64,109,365,40,1
215,4.384864,42.336,109,365,40,1
216,4.384864,42.32,109,365,40,1
217,4.384864,40.76,109,365,40,1
218,4.384864,41.76,109,365,40,1
219,4.384864,42.224,109,365,40,1
220,4.384864,41.032,109,365,40,1
221,4.384864,42.416,122,382,40,25
222,4.384864,41.04,122,382,40,25
223,4.384864,43.248,122,382,40,25
224,4.384864,40.368,122,382,40,25
225,4.384864,42.504,122,382,40,25
226,4.405381,40.728,129,410,53,14
227,4.405381,43.256,129,410,53,14
228,4.405381,40.352,129,410,53,14
229,4.405381,42.472,129,410,53,14
230,4.405381,41.384,129,410,53,14
231,4.384864,42.664,129,372,42,14
232,4.384864,40.448,129,372,42,14
233,4.384864,43.064,131,472,142,18
234,4.384864,41.032,131,472,142,18
235,4.384864,42.912,131,472,142,18
236,4.384864,40.952,131,472,142,18
237,4.384864,41.728,131,472,142,18
238,4.384864,40.728,131,472,142,18
239,4.384864,42.32,131,472,142,18
240,4.384864,40.208,131,472,142,18
241,4.405381,41.84,126,391,132,14
242,4.405381,40.792,126,391,132,14
243,4.405381,43.232,126,391,132,14
244,4.405381,40.68,126,391,132,14
245,4.405381,40.464,126,391,132,14
246,4.405381,43.808,126,391,132,14
247,4.405381,41.568,126,391,132,14
248,4.405381,41.432,125,396,112,19
249,4.405381,41.904,125,396,112,19
250,4.405381,40.584,125,396,112,19
251,4.405381,41.552,125,396,112,19
252,4.405381,41.352,125,396,112,19
253,4.405381,43.168,125,396,112,19
254,4.405381,40.328,120,490,142,14
255,4.405381,42.832,120,490,142,14
256,4.405381,41.272,120,490,142,14
257,4.405381,41.648,120,490,142,14
258,4.405381,41.016,120,490,142,14
259,4.405381,42.16,120,490,142,14
260,4.405381,41.44,120,490,142,14
261,4.405381,41.032,111,409,102,21
262,4.405381,42.28,111,409,102,21
263,4.405381,41.104,111,409,102,21
264,4.405381,41.048,111,409,102,21
265,4.405381,40.88,111,409,102,21
266,4.405381,42.008,111,409,102,21
267,4.405381,41.416,111,409,102,21
268,4.405381,41.192,112,398,82,25
269,4.405381,41.576,112,398,82,25
270,4.405381,40.952,112,398,82,25
271,4.405381,42.488,112,398,82,25
272,4.405381,40.536,112,398,82,25
273,4.405381,41.792,120,422,62,19
274,4.405381,40.784,120,422,62,19
275,4.405381,41.32,120,422,62,19
276,4.405381,41.16,122,437,42,23
277,4.405381,41.344,122,437,42,23
278,4.405381,40.048,122,437,42,23
279,4.405381,42.4,122,437,42,23
280,4.405381,40.28,122,437,42,23
281,4.405381,39.448,122,437,42,23
282,4.405381,42.792,122,437,42,23
283,4.405381,41.008,122,437,42,23
284,4.405381,40.832,129,415,42,23
285,4.405381,40.976,129,415,42,23
286,4.405381,40.784,129,415,42,23
287,4.405381,43.328,129,415,42,23
288,4.405381,41.6,129,415,42,23
289,4.405381,41.192,129,415,42,23
290,4.405381,40.776,129,415,42,23
291,4.405381,42.064,129,415,42,23
292,4.405381,41.536,107,431,41,21
293,4.405381,41.8,107,431,41,21
294,4.405381,41.576,107,431,41,21
295,4.405381,41.4,107,431,41,21
296,4.405381,41.32,107,431,41,21
297,4.405381,42.84,107,431,41,21
298,4.405381,41.344,107,431,41,21
299,4.405381,41.384,126,488,131,5
300,4.405381,41.664,126,488,131,5
301,4.405381,38.64,126,488,131,5
302,4.405381,43.904,126,488,131,5
303,4.405381,42.488,126,488,131,5
304,4.405381,41.696,110,503,148,8
305,4.405381,41.768,110,503,148,8
306,4.405381,41.736,110,503,148,8
307,4.405381,40.872,110,503,148,8
308,4.405381,40.552,110,503,148,8
309,4.405381,42.224,110,503,148,8
310,4.405381,41.152,110,503,148,8
311,4.405381,41.248,110,503,148,8
312,4.405381,41.672,119,370,108,2
313,4.405381,41.592,119,370,108,2
314,4.405381,40.36,119,370,108,2
315,4.405381,42.168,112,394,108,1
316,4.405381,40.648,112,394,108,1
317,4.405381,43.208,112,394,108,1
318,4.405381,42.08,112,394,108,1
319,4.405381,40.112,112,394,108,1
320,4.405381,39.368,112,487,88,3
321,4.405381,41.392,112,487,88,3
322,4.405381,41.008,112,487,88,3
323,4.405381,40.32,112,487,88,3
324,4.405381,39.264,112,487,88,3
325,4.405381,42.664,112,487,88,3
326,4.405381,40.768,119,540,150,6
327,4.405381,42.696,119,540,150,6
328,4.405381,41.184,119,540,150,6
329,4.405381,42.328,119,540,150,6
330,4.405381,42.304,119,540,150,6
331,4.405381,41.816,116,432,130,21
332,4.405381,40.872,116,432,130,21
333,4.405381,41.856,116,432,130,21
334,4.405381,41.8,116,432,130,21
335,4.405381,41.512,116,432,130,21
336,4.405381,42.48,116,432,130,21
337,4.405381,41.272,125,442,110,11
338,4.405381,41.896,125,442,110,11
339,4.405381,42.568,125,442,110,11
340,4.405381,40.704,125,442,110,11
341,4.405381,41.768,125,442,110,11
342,4.405381,40.744,125,442,110,11
343,4.405381,43.496,125,469,90,18
344,4.405381,40.08,125,469,90,18
345,4.405381,42.448,125,469,90,18
346,4.405381,40.968,125,469,90,18
347,4.405381,42.704,112,411,70,15
348,4.405381,40.592,112,411,70,15
349,4.405381,43.216,112,411,70,15
350,4.405381,41.192,112,411,70,15
351,4.405381,41.92,112,411,70,15
352,4.405381,41.408,112,411,70,15
353,4.405381,41.776,112,411,70,15
354,4.405381,41.848,112,411,70,15
355,4.405381,41.584,138,406,40,13
356,4.405381,42.016,138,406,40,13
357,4.405381,41.064,138,406,40,13
358,4.405381,41.064,138,406,40,13
359,4.405381,41.816,138,406,40,13
360,4.405381,41.512,138,406,40,13
361,4.405381,41.648,138,406,40,13
362,4.405381,41.568,121,425,40,6
363,4.405381,40.984,121,425,40,6
364,4.405381,41.656,121,425,40,6
365,4.405381,42.304,121,425,40,6
366,4.405381,39.56,121,425,40,6
367,4.405381,42.712,121,425,40,6
368,4.405381,41.616,121,425,40,6
369,4.405381,42.136,121,425,40,6
370,4.405381,42.232,110,453,169,10
371,4.405381,41.456,110,453,169,10
372,4.405381,41.144,110,453,169,10
373,4.405381,41.432,110,453,169,10
374,4.405381,42.048,110,453,169,10
375,4.405381,42.56,110,453,169,10
376,4.405381,39.856,139,424,149,11
377,4.405381,42.864,139,424,149,11
378,4.405381,41.352,139,424,149,11
379,4.405381,41.2,139,424,149,11
380,4.405381,41.464,123,434,129,6
381,4.405381,42.632,123,434,129,6
382,4.405381,41.968,123,434,129,6
383,4.405381,41.568,123,434,129,6
384,4.405381,40.984,123,434,129,6
385,4.405381,42.136,123,434,129,6
386,4.405381,41.624,123,434,129,6
387,4.405381,42.416,123,434,129,6
388,4.405381,40.184,130,411,89,20
389,4.405381,41.744,130,411,89,20
390,4.405381,42.6,130,411,89,20
391,4.405381,41.576,130,411,89,20
392,4.405381,40.928,130,411,89,20
393,4.405381,43.4,119,434,69,12
394,4.405381,40.776,119,434,69,12
395,4.405381,40.448,119,434,69,12
396,4.405381,42.536,119,434,69,12
397,4.405381,43.04,119,434,69,12
398,4.405381,40.112,119,434,69,12
399,4.405381,42.928,149,454,49,5
400,4.405381,40.704,149,454,49,5
401,4.405381,42.344,149,454,49,5
402,4.405381,41.816,149,454,49,5
403,4.405381,41.328,149,454,49,5
404,4.405381,40.456,149,454,49,5
405,4.405381,42.344,149,454,49,5
406,4.405381,40.2,149,454,49,5
407,4.405381,42.456,116,451,40,10
408,4.405381,40.648,116,451,40,10
409,4.405381,43.352,116,451,40,10
410,4.405381,41.232,116,451,40,10
411,4.405381,41.376,116,451,40,10
412,4.405381,41.448,116,451,40,10
413,4.405381,42.296,116,451,40,10
414,4.405381,41.504,127,406,57,13
415,4.405381,42.096,127,406,57,13
416,4.405381,40.848,127,406,57,13
417,4.405381,42.88,127,406,57,13
418,4.405381,40.632,127,406,57,13
419,4.405381,40.424,127,399,40,15
420,4.405381,43.4,127,399,40,15
421,4.405381,42.672,127,399,40,15
422,4.405381,39.856,127,399,40,15
423,4.405381,42.704,127,399,40,15
424,4.405381,40.568,129,462,97,24
425,4.405381,40.696,129,462,97,24
426,4.405381,42.816,129,462,97,24
427,4.405381,41.064,129,462,97,24
428,4.405381,40.736,129,462,97,24
429,4.405381,41.088,129,462,97,24
430,4.405381,41.496,109,411,77,24
431,4.405381,40.928,109,411,77,24
432,4.405381,40.608,109,411,77,24
433,4.405381,42.672,109,411,77,24
434,4.405381,41.048,109,411,77,24
435,4.405381,42.664,109,411,77,24
436,4.405381,41.472,109,411,77,24
437,4.405381,42.296,109,411,77,24
438,4.405381,40.144,109,411,77,24
439,4.405381,41.928,128,390,40,6
440,4.405381,40.728,128,390,40,6
441,4.405381,42.768,128,390,40,6
442,4.405381,40.72,128,390,40,6
443,4.405381,42.888,128,390,40,6
444,4.405381,41.536,128,390,40,6
445,4.405381,41.944,128,390,40,6
446,4.405381,41.944,128,390,40,6
447,4.405381,42.112,128,390,40,6
448,4.405381,40.32,119,404,56,22
449,4.405381,42.144,119,404,56,22
450,4.405381,41.504,119,404,56,22
451,4.405381,41.728,119,404,56,22
452,4.405381,41.784,119,404,56,22
453,4.405381,42.512,128,400,66,24
454,4.405381,40.52,128,400,66,24
455,4.405381,41.488,128,400,66,24
456,4.405381,40.28,128,400,66,24
457,4.405381,42.472,128,400,66,24
458,4.405381,42.28,128,400,66,24
459,4.405381,41.056,128,400,66,24
460,4.405381,40.776,112,375,46,14
461,4.405381,43.272,112,375,46,14
462,4.405381,41.872,112,375,46,14
463,4.405381,41.816,112,375,46,14
464,4.405381,40.08,112,375,46,14
465,4.405381,42.584,112,375,46,14
466,4.405381,41.752,112,375,46,14
467,4.405381,41.688,112,375,46,14
468,4.405381,41.04,121,414,45,21
469,4.405381,43.264,121,414,45,21
470,4.405381,40.896,121,414,45,21
471,4.405381,41.792,121,414,45,21
472,4.405381,41.168,121,414,45,21
473,4.405381,41.712,121,414,45,21
474,4.405381,41.536,121,414,45,21
475,4.405381,42.112,109,401,40,12
476,4.405381,40.928,109,401,40,12
477,4.405381,43.216,109,401,40,12
478,4.405381,39.896,125,402,40,20
479,4.405381,42.12,125,402,40,20
480,4.405381,41.064,125,402,40,20
481,4.405381,44.208,125,402,40,20
482,4.405381,39.152,125,402,40,20
483,4.405381,42.928,125,402,40,20
484,4.405381,41.264,121,417,64,20
485,4.405381,42.032,121,417,64,20
486,4.405381,40.792,121,417,64,20
487,4.405381,42.008,121,417,64,20
488,4.405381,40.2,121,417,64,20
489,4.405381,41.888,125,398,44,21
490,4.405381,40.376,125,398,44,21
491,4.405381,43.264,125,398,44,21
492,4.405381,40.088,125,449,64,22
493,4.405381,42.344,125,449,64,22
494,4.405381,41.84,125,449,64,22
495,4.405381,41.496,125,449,64,22
496,4.405381,41.936,125,449,64,22
497,4.405381,40.8,125,449,64,22
498,4.405381,42.432,125,449,64,22
499,4.405381,42.968,118,389,44,17
500,4.405381,40.216,118,389,44,17
501,4.405381,41.408,118,389,44,17
502,4.405381,41.496,118,389,44,17
503,4.405381,43.464,118,389,44,17
504,4.405381,41.488,118,389,44,17
505,4.405381,42.248,118,389,44,17
506,4.405381,40.8,129,353,44,21
507,4.405381,41.688,129,353,44,21
508,4.405381,41.896,129,353,44,21
509,4.405381,42.104,129,353,44,21
510,4.405381,40.32,129,353,44,21
511,4.405381,42.776,121,374,40,12
512,4.405381,41.912,121,374,40,12
513,4.405381,41.136,121,374,40,12
514,4.405381,41.352,121,374,40,12
515,4.405381,42.728,121,374,40,12
516,4.405381,41.504,121,374,40,12
517,4.405381,42.64,121,374,40,12
518,4.405381,39.544,121,374,40,12
519,4.405381,42.776,110,386,53,18
520,4.405381,40.464,110,386,53,18
521,4.405381,40.432,110,386,53,18
522,4.405381,42.808,110,386,53,18
523,4.405381,40.464,110,386,53,18
524,4.405381,38.96,121,381,40,17
525,4.405381,41.712,121,381,40,17
526,4.405381,40.184,121,381,40,17
527,4.405381,40.152,121,381,40,17
528,4.405381,40.224,121,381,40,17
529,4.405381,42.496,121,381,40,17
530,4.405381,39.784,129,384,40,30
531,4.405381,42.144,129,384,40,30
532,4.405381,40.344,129,384,40,30
533,4.405381,42.816,129,384,40,30
534,4.405381,42.44,129,384,40,30
535,4.405381,40.496,129,384,40,30
536,4.405381,41.184,121,374,40,20
537,4.405381,39.52,121,374,40,20
538,4.405381,41.728,121,374,40,20
539,4.405381,41.848,121,374,40,20
540,4.405381,41.056,121,374,40,20
541,4.405381,41.36,121,374,40,20
542,4.405381,41.04,121,374,40,20
543,4.405381,41.04,121,374,40,20
544,4.405381,42.128,123,363,40,10
545,4.405381,42.72,123,363,40,10
546,4.405381,41.256,123,363,40,10
547,4.405381,41.992,123,406,61,20
548,4.405381,40.688,123,406,61,20
549,4.405381,41.824,123,406,61,20
550,4.405381,14.752,123,406,61,20
