Time,MOS,BW,RTT,JIT,DJB,SNR
1,4.482136,34.8,0,74,40,10
2,4.482136,34.8,0,74,40,10
3,4.482136,34.104,0,74,40,10
4,4.482136,35.496,0,74,40,10
5,4.482136,34.104,0,74,40,10
6,4.456768,35.496,131,73,40,10
7,4.456768,34.104,131,73,40,10
8,4.456768,35.496,131,73,40,10
9,4.456768,34.104,131,73,40,10
10,4.456768,35.496,131,73,40,10
11,4.456768,34.104,131,73,40,10
12,4.424232,35.496,120,80,71,11
13,4.424232,34.104,120,80,71,11
14,4.424232,35.496,120,80,71,11
15,4.424232,34.104,120,80,71,11
16,4.424232,35.496,120,80,71,11
17,4.424232,34.104,120,80,71,11
18,4.424232,35.496,119,74,51,15
19,4.424232,34.8,119,74,51,15
20,4.424232,34.8,119,74,51,15
21,4.424232,34.104,119,74,51,15
22,4.424232,35.496,119,74,51,15
23,4.424232,34.104,120,79,51,18
24,4.424232,35.496,120,79,51,18
25,4.424232,34.104,120,79,51,18
26,4.424232,35.496,120,79,51,18
27,4.424232,34.104,120,79,51,18
28,4.424232,35.496,120,79,51,18
29,4.424232,34.104,138,75,40,7
30,4.424232,35.496,138,75,40,7
31,4.424232,34.104,138,75,40,7
32,4.424232,35.496,138,75,40,7
33,4.424232,34.104,138,75,40,7
34,4.424232,35.496,138,75,40,7
35,4.405381,34.104,127,75,61,2
36,4.405381,35.496,127,75,61,2
37,4.405381,34.104,127,75,61,2
38,4.405381,35.496,127,75,61,2
39,4.405381,34.104,127,75,61,2
40,4.405381,35.496,127,75,61,2
41,4.405381,34.104,127,75,61,2
42,4.405381,35.496,127,77,50,14
43,4.405381,34.104,127,77,50,14
44,4.405381,34.8,127,77,50,14
45,4.405381,34.8,127,77,50,14
46,4.405381,34.8,127,77,50,14
47,4.405381,34.8,130,80,40,4
48,4.405381,34.8,130,80,40,4
49,4.405381,34.8,130,80,40,4
50,4.405381,34.8,130,80,40,4
51,4.405381,34.104,130,80,40,4
52,4.405381,35.496,130,77,50,3
53,4.405381,34.104,130,77,50,3
54,4.405381,35.496,130,77,50,3
55,4.405381,34.8,130,77,50,3
56,4.405381,34.8,130,77,50,3
57,4.405381,34.8,130,77,50,3
58,4.405381,34.8,130,77,50,3
59,4.405381,34.8,130,77,50,3
60,4.405381,34.8,139,74,40,13
61,4.405381,34.8,139,74,40,13
62,4.405381,34.8,139,74,40,13
63,4.405381,34.104,139,74,40,13
64,4.405381,35.496,139,74,40,13
65,4.405381,34.104,139,74,40,13
66,4.405381,35.496,139,74,40,13
67,4.405381,34.104,110,72,49,4
68,4.405381,35.496,110,72,49,4
69,4.405381,32.712,110,72,49,4
70,4.405381,36.888,110,72,49,4
71,4.405381,34.8,110,72,49,4
72,4.405381,34.8,110,72,49,4
73,4.405381,34.8,110,72,49,4
74,4.405381,34.8,110,72,49,4
75,4.405381,34.8,139,67,40,11
76,4.405381,34.8,139,67,40,11
77,4.405381,34.104,139,67,40,11
78,4.405381,35.496,139,67,40,11
79,4.405381,34.8,139,67,40,11
80,4.405381,34.8,139,67,40,11
81,4.405381,34.8,139,67,40,11
82,4.405381,34.8,139,67,40,11
83,4.405381,34.104,139,64,40,7
84,4.405381,35.496,139,64,40,7
85,4.405381,34.8,139,64,40,7
86,4.405381,34.8,139,64,40,7
87,4.405381,34.104,139,64,40,7
88,4.405381,35.496,139,64,40,7
89,4.405381,34.8,139,64,40,7
90,4.405381,34.8,139,64,40,7
91,4.405381,34.8,129,71,69,6
92,4.405381,34.8,129,71,69,6
93,4.405381,34.8,129,71,69,6
94,4.405381,34.8,129,71,69,6
95,4.405381,34.8,119,65,49,10
96,4.405381,34.8,119,65,49,10
97,4.405381,34.8,119,65,49,10
98,4.405381,34.8,119,65,49,10
99,4.405381,34.8,119,65,49,10
100,4.405381,34.8,119,65,49,10
101,4.405381,34.8,119,65,49,10
102,4.405381,34.8,119,65,49,10
103,4.405381,34.8,119,65,49,10
104,4.405381,34.8,99,66,40,2
105,4.405381,34.8,99,66,40,2
106,4.405381,34.8,99,66,40,2
107,4.405381,34.8,99,66,40,2
108,4.405381,34.8,99,66,40,2
109,4.405381,34.8,99,66,40,2
110,4.405381,34.8,99,66,40,2
111,4.405381,34.8,99,66,40,2
112,4.405381,34.8,128,68,40,9
113,4.405381,34.8,128,68,40,9
114,4.405381,34.8,128,68,40,9
115,4.405381,34.8,128,60,40,2
116,4.405381,34.8,128,60,40,2
117,4.405381,34.8,128,60,40,2
118,4.405381,34.8,128,60,40,2
119,4.405381,34.8,128,60,40,2
120,4.405381,34.8,130,64,40,3
121,4.405381,34.8,130,64,40,3
122,4.405381,34.8,130,64,40,3
123,4.405381,34.8,130,64,40,3
124,4.405381,34.8,130,64,40,3
125,4.405381,34.8,130,64,40,3
126,4.405381,34.8,129,69,40,3
127,4.405381,34.8,129,69,40,3
128,4.405381,34.8,129,69,40,3
129,4.405381,34.8,129,69,40,3
130,4.405381,34.8,129,69,40,3
131,4.405381,34.8,129,69,40,3
132,4.405381,34.8,119,72,47,3
133,4.405381,34.8,119,72,47,3
134,4.405381,34.8,119,72,47,3
135,4.405381,34.8,119,72,47,3
136,4.405381,34.8,119,72,47,3
137,4.405381,34.8,150,75,40,4
138,4.405381,34.8,150,75,40,4
139,4.405381,34.8,150,75,40,4
140,4.405381,34.8,150,75,40,4
141,4.405381,34.8,150,75,40,4
142,4.405381,34.8,150,75,40,4
143,4.405381,34.8,130,72,116,10
144,4.405381,34.8,130,72,116,10
145,4.405381,34.8,130,72,116,10
146,4.405381,34.8,130,72,116,10
147,4.405381,34.8,130,72,116,10
148,4.405381,34.8,130,72,116,10
149,4.405381,34.8,109,72,96,9
150,4.405381,34.8,109,72,96,9
151,4.405381,34.8,109,72,96,9
152,4.405381,34.8,109,72,96,9
153,4.405381,34.8,109,72,96,9
154,4.405381,34.8,130,76,76,3
155,4.405381,34.8,130,76,76,3
156,4.405381,34.8,130,76,76,3
157,4.405381,34.8,130,72,76,3
158,4.405381,34.8,130,72,76,3
159,4.405381,34.104,130,72,76,3
160,4.405381,34.8,130,72,76,3
161,4.405381,34.8,130,72,76,3
162,4.405381,34.8,130,72,76,3
163,4.405381,34.8,118,78,56,3
164,4.405381,34.8,118,78,56,3
165,4.405381,34.8,118,78,56,3
166,4.405381,34.8,118,78,56,3
167,4.405381,34.8,118,78,56,3
168,4.405381,34.8,118,78,56,3
169,4.405381,34.8,118,78,56,3
170,4.405381,34.8,118,78,56,3
171,4.405381,34.8,129,73,44,9
172,4.405381,34.8,129,73,44,9
173,4.405381,34.8,129,73,44,9
174,4.405381,34.8,129,73,44,9
175,4.405381,34.8,129,73,44,9
176,4.405381,34.8,129,73,44,9
177,4.405381,34.8,129,73,44,9
178,4.405381,34.8,129,73,44,9
179,4.405381,34.8,129,73,44,9
180,4.405381,34.8,131,78,44,11
181,4.405381,34.8,131,78,44,11
182,4.405381,34.8,131,78,44,11
183,4.405381,34.8,131,78,44,11
184,4.405381,34.8,131,78,44,11
185,4.405381,34.8,131,78,44,11
186,4.405381,34.8,131,78,44,11
187,4.405381,34.8,120,70,40,4
188,4.405381,34.8,120,70,40,4
189,4.405381,34.8,120,70,40,4
190,4.405381,34.8,120,70,40,4
191,4.405381,34.8,120,70,40,4
192,4.405381,34.8,120,70,40,4
193,4.405381,34.8,128,80,123,2
194,4.405381,34.8,128,80,123,2
195,4.405381,34.8,128,80,123,2
196,4.405381,34.8,128,70,123,8
197,4.405381,34.8,128,70,123,8
198,4.405381,34.8,128,70,123,8
199,4.405381,34.8,119,76,103,11
200,4.405381,34.8,119,76,103,11
201,4.405381,34.8,119,76,103,11
202,4.405381,34.8,119,76,103,11
203,4.405381,34.8,119,76,103,11
204,4.405381,34.8,119,76,103,11
205,4.405381,34.8,119,76,103,11
206,4.405381,34.8,119,76,103,11
207,4.405381,34.8,119,76,103,11
208,4.405381,34.8,119,76,103,11
209,4.405381,34.8,119,76,103,11
210,4.405381,34.8,131,77,63,5
211,4.405381,34.8,131,77,63,5
212,4.405381,34.8,131,77,63,5
213,4.405381,34.104,131,77,63,5
214,4.405381,34.8,131,77,63,5
215,4.405381,34.8,131,77,63,5
216,4.405381,34.8,131,77,63,5
217,4.405381,34.8,131,77,63,5
218,4.405381,34.8,140,70,40,3
219,4.405381,34.8,140,70,40,3
220,4.405381,34.8,140,70,40,3
221,4.405381,34.104,140,70,40,3
222,4.405381,35.496,140,70,40,3
223,4.405381,34.8,140,70,40,3
224,4.405381,34.8,140,70,40,3
225,4.405381,34.8,141,64,40,3
226,4.405381,34.8,141,64,40,3
227,4.405381,34.8,141,64,40,3
228,4.405381,34.8,141,64,40,3
229,4.405381,34.8,141,64,40,3
230,4.405381,34.8,141,64,41,6
231,4.405381,34.8,141,64,41,6
232,4.405381,34.8,141,64,41,6
233,4.405381,34.8,141,64,41,6
234,4.405381,34.8,141,64,41,6
235,4.405381,34.104,109,75,50,8
236,4.405381,35.496,109,75,50,8
237,4.405381,34.104,109,75,50,8
238,4.405381,35.496,109,75,50,8
239,4.405381,34.8,109,75,50,8
240,4.405381,34.8,109,75,50,8
241,4.405381,34.8,141,64,40,3
242,4.405381,34.8,141,64,40,3
243,4.405381,34.8,141,64,40,3
244,4.405381,34.8,141,64,40,3
245,4.405381,34.8,141,64,40,3
246,4.405381,34.8,141,64,40,3
247,4.405381,34.8,129,74,50,3
248,4.405381,34.8,129,74,50,3
249,4.405381,34.8,129,74,50,3
250,4.405381,34.8,129,74,50,3
251,4.405381,34.104,129,74,50,3
252,4.405381,35.496,129,74,50,3
253,4.405381,34.8,129,74,50,3
254,4.405381,34.8,129,74,50,3
255,4.405381,34.8,110,71,40,3
256,4.405381,34.8,110,71,40,3
257,4.405381,34.8,110,71,40,3
258,4.405381,34.8,110,71,40,3
259,4.405381,34.8,110,71,40,3
260,4.405381,34.8,110,71,40,3
261,4.405381,34.8,110,71,40,3
262,4.405381,34.8,110,71,40,3
263,4.405381,34.8,110,71,40,3
264,4.405381,34.8,110,71,40,3
265,4.405381,34.8,110,71,40,3
266,4.405381,34.8,130,64,40,3
267,4.405381,34.8,130,64,40,3
268,4.405381,34.8,130,64,40,3
269,4.405381,34.8,130,64,40,3
270,4.405381,34.8,130,64,40,3
271,4.405381,34.8,130,64,40,3
272,4.405381,34.8,130,64,40,3
273,4.405381,34.8,130,73,128,3
274,4.405381,34.8,130,73,128,3
275,4.405381,34.104,130,73,128,3
276,4.405381,35.496,130,73,128,3
277,4.405381,34.8,130,73,128,3
278,4.405381,34.8,130,83,108,3
279,4.405381,34.8,130,83,108,3
280,4.405381,34.8,130,83,108,3
281,4.405381,34.8,130,83,108,3
282,4.405381,34.8,130,83,108,3
283,4.405381,34.8,130,83,108,3
284,4.405381,34.8,130,83,108,3
285,4.405381,34.104,150,66,68,12
286,4.405381,35.496,150,66,68,12
287,4.405381,34.104,150,66,68,12
288,4.405381,35.496,150,66,68,12
289,4.405381,34.8,150,66,68,12
290,4.405381,34.8,150,65,48,17
291,4.405381,34.8,150,65,48,17
292,4.405381,34.8,150,65,48,17
293,4.405381,34.104,150,65,48,17
294,4.405381,35.496,150,65,48,17
295,4.405381,34.8,150,65,48,17
296,4.405381,34.8,119,71,40,15
297,4.405381,34.8,119,71,40,15
298,4.405381,34.8,119,71,40,15
299,4.405381,34.104,119,71,40,15
300,4.405381,35.496,119,71,40,15
301,4.405381,34.8,119,71,40,15
302,4.405381,34.8,119,71,40,15
303,4.405381,34.8,120,64,40,4
304,4.405381,34.8,120,64,40,4
305,4.405381,34.104,120,64,40,4
306,4.405381,36.192,139,74,66,11
307,4.405381,33.408,139,74,66,11
308,4.405381,35.496,139,74,66,11
309,4.405381,34.104,139,74,66,11
310,4.405381,36.192,139,74,66,11
311,4.405381,34.104,120,72,46,18
312,4.405381,34.8,120,72,46,18
313,4.405381,34.8,120,65,46,14
314,4.405381,34.8,120,65,46,14
315,4.405381,34.8,120,65,46,14
316,4.405381,34.8,120,65,46,14
317,4.405381,34.104,120,65,46,14
318,4.405381,35.496,120,65,46,14
319,4.405381,34.104,120,65,46,14
320,4.405381,35.496,130,68,40,13
321,4.405381,34.8,130,68,40,13
322,4.405381,35.496,130,68,40,13
323,4.405381,33.408,130,68,40,13
324,4.405381,35.496,130,68,40,13
325,4.405381,34.8,130,68,40,13
326,4.405381,34.8,129,71,45,11
327,4.405381,34.8,129,71,45,11
328,4.405381,34.8,129,71,45,11
329,4.405381,34.8,129,71,45,11
330,4.405381,34.8,129,71,45,11
331,4.405381,34.8,140,69,45,9
332,4.405381,34.8,140,69,45,9
333,4.405381,34.104,140,69,45,9
334,4.405381,35.496,140,69,45,9
335,4.405381,34.8,140,69,45,9
336,4.405381,34.8,140,69,45,9
337,4.405381,34.104,140,69,45,9
338,4.405381,36.192,140,69,45,9
339,4.405381,34.104,140,69,45,9
340,4.405381,34.8,140,69,45,9
341,4.405381,34.8,139,62,40,3
342,4.405381,34.8,139,62,40,3
343,4.405381,34.8,139,62,40,3
344,4.405381,34.8,139,62,40,3
345,4.405381,34.8,139,62,40,3
346,4.405381,35.496,139,62,40,3
347,4.405381,34.104,118,62,40,12
348,4.405381,34.8,118,62,40,12
349,4.405381,34.8,118,62,40,12
350,4.405381,34.8,118,62,40,12
351,4.405381,34.8,118,62,40,12
352,4.405381,34.8,118,62,40,12
353,4.405381,34.8,131,62,40,1
354,4.405381,34.8,131,62,40,1
355,4.405381,34.8,131,62,40,1
356,4.405381,34.8,131,62,40,1
357,4.405381,34.8,131,62,40,1
358,4.405381,35.496,131,62,40,1
359,4.405381,34.104,131,62,40,1
360,4.405381,34.8,131,62,40,1
361,4.405381,34.8,131,62,40,1
362,4.405381,34.8,130,67,83,11
363,4.405381,34.8,130,67,83,11
364,4.405381,34.8,130,67,83,11
365,4.405381,34.8,130,67,83,11
366,4.405381,34.8,130,67,83,11
367,4.405381,34.8,130,67,83,11
368,4.405381,35.496,130,67,83,11
369,4.405381,34.104,130,67,83,11
370,4.405381,34.8,130,67,83,11
371,4.405381,34.104,111,58,63,13
372,4.405381,34.8,111,58,63,13
373,4.405381,30.624,111,58,63,13
374,4.405381,38.976,111,58,63,13
375,4.405381,34.8,111,58,63,13
376,4.405381,34.8,111,58,63,13
377,4.405381,34.8,141,81,162,12
378,4.405381,34.8,141,81,162,12
379,4.405381,34.8,141,81,162,12
380,4.405381,34.8,141,81,162,12
381,4.405381,34.8,141,81,162,12
382,4.405381,34.8,141,81,162,12
383,4.405381,34.8,129,63,142,9
384,4.405381,34.8,129,63,142,9
385,4.405381,34.8,129,63,142,9
386,4.405381,34.8,129,63,142,9
387,4.405381,34.8,150,54,122,9
388,4.405381,34.8,150,54,122,9
389,4.405381,34.8,150,54,122,9
390,4.405381,34.8,150,54,122,9
391,4.405381,34.8,150,54,122,9
392,4.405381,34.8,150,54,122,9
393,4.405381,34.8,150,54,122,9
394,4.405381,34.8,150,54,122,9
395,4.405381,34.8,150,54,122,9
396,4.405381,34.8,150,54,122,9
397,4.405381,34.8,119,57,82,9
398,4.405381,35.496,119,57,82,9
399,4.405381,34.104,119,57,82,9
400,4.405381,35.496,159,72,62,11
401,4.405381,33.408,159,72,62,11
402,4.405381,35.496,159,72,62,11
403,4.405381,34.104,159,72,62,11
404,4.405381,35.496,159,72,62,11
405,4.405381,34.8,159,72,62,11
406,4.405381,34.8,111,66,42,8
407,4.405381,34.8,111,66,42,8
408,4.405381,35.496,111,66,42,8
409,4.405381,34.104,111,66,42,8
410,4.405381,34.8,111,66,42,8
411,4.405381,34.104,111,66,42,8
412,4.405381,35.496,111,66,42,8
413,4.405381,34.104,111,66,69,7
414,4.405381,36.192,111,66,69,7
415,4.405381,34.104,111,66,69,7
416,4.405381,34.8,149,62,69,14
417,4.405381,34.104,149,62,69,14
418,4.405381,36.192,149,62,69,14
419,4.405381,33.408,149,62,69,14
420,4.405381,36.192,149,62,69,14
421,4.405381,34.104,149,62,69,14
422,4.405381,35.496,138,64,69,0
423,4.405381,34.104,138,64,69,0
424,4.405381,35.496,138,64,69,0
425,4.405381,34.104,138,69,49,1
426,4.405381,35.496,138,69,49,1
427,4.405381,34.104,138,69,49,1
428,4.405381,35.496,138,69,49,1
429,4.405381,34.104,138,69,49,1
430,4.405381,34.8,119,64,89,4
431,4.405381,34.8,119,64,89,4
432,4.405381,35.496,119,64,89,4
433,4.405381,34.104,119,64,89,4
434,4.405381,35.496,119,64,89,4
435,4.405381,34.104,119,64,89,4
436,4.405381,34.8,119,64,89,4
437,4.405381,34.104,138,56,69,20
438,4.405381,36.192,138,56,69,20
439,4.405381,34.104,138,56,69,20
440,4.405381,34.8,138,56,69,20
441,4.405381,34.104,138,56,69,20
442,4.405381,35.496,138,56,69,20
443,4.405381,34.104,138,56,69,20
444,4.405381,35.496,129,58,49,1
445,4.405381,34.8,129,58,49,1
446,4.405381,34.8,129,58,49,1
447,4.405381,34.8,129,58,49,1
448,4.405381,34.8,129,58,49,1
449,4.405381,34.8,129,58,49,1
450,4.405381,34.8,139,63,40,3
451,4.405381,34.104,139,63,40,3
452,4.405381,35.496,139,63,40,3
453,4.405381,34.104,139,63,40,3
454,4.405381,35.496,139,63,40,3
455,4.405381,34.8,139,63,40,3
456,4.405381,34.8,139,63,40,3
457,4.405381,34.8,139,63,40,3
458,4.405381,35.496,139,63,40,3
459,4.405381,33.408,139,68,40,3
460,4.405381,35.496,139,68,40,3
461,4.405381,34.104,139,68,40,3
462,4.405381,35.496,139,68,40,3
463,4.405381,34.8,139,68,40,3
464,4.405381,35.496,128,68,40,14
465,4.405381,34.104,128,68,40,14
466,4.405381,34.8,128,68,40,14
467,4.405381,34.8,138,58,46,10
468,4.405381,34.8,138,58,46,10
469,4.405381,33.408,138,58,46,10
470,4.405381,36.192,138,58,46,10
471,4.405381,34.8,138,58,46,10
472,4.405381,34.8,138,58,46,10
473,4.405381,34.8,138,68,66,3
474,4.405381,34.8,138,68,66,3
475,4.405381,34.8,138,68,66,3
476,4.405381,34.8,138,68,66,3
477,4.405381,34.8,138,68,66,3
478,4.405381,34.8,138,68,66,3
479,4.405381,34.8,138,68,66,3
480,4.405381,34.8,138,68,66,3
481,4.405381,34.8,138,68,66,3
482,4.405381,34.8,119,66,46,2
483,4.405381,34.8,119,66,46,2
484,4.405381,34.8,119,66,46,2
485,4.405381,34.104,119,66,46,2
486,4.405381,35.496,119,66,46,2
487,4.405381,34.8,119,66,46,2
488,4.405381,35.496,131,66,40,4
489,4.405381,34.104,131,66,40,4
490,4.405381,35.496,131,66,40,4
491,4.405381,33.408,131,66,40,4
492,4.405381,35.496,131,66,40,4
493,4.405381,34.104,131,66,40,4
494,4.405381,36.192,131,66,40,4
495,4.405381,34.104,119,76,65,19
496,4.405381,24.36,119,76,65,19
