Time,MOS,BW,RTT,JIT,DJB,SNR
1,4.482136,28.352,0,9.90321e+11,40,20
2,4.482136,27.68,0,9.90321e+11,40,20
3,4.482136,29.6,0,9.90321e+11,40,20
4,4.470369,28.416,299,73,40,29
5,4.470369,30.784,299,73,40,29
6,4.470369,27.76,299,73,40,29
7,4.470369,26.64,299,73,40,29
8,4.470369,29.6,299,73,40,29
9,4.470369,18.8,299,73,40,29
10,4.470369,41.376,299,73,40,29
11,4.470369,23.68,299,73,40,29
12,4.470369,28.064,299,73,40,29
13,4.470369,10.304,299,73,40,29
14,4.470369,11.408,299,73,40,29
15,4.470369,15.984,299,73,40,29
16,4.061233,23.92,431,233,250,17
17,4.061233,29.6,431,233,250,17
18,4.061233,29.6,431,233,250,17
19,4.061233,32.56,431,233,250,17
20,4.061233,20.448,431,233,250,17
21,4.061233,28.416,431,233,250,17
22,4.061233,29.536,431,233,250,17
23,4.061233,28.416,431,233,250,17
24,4.061233,33.152,431,233,250,17
25,4.061233,17.184,209,111,210,3
26,4.061233,27.616,209,111,210,3
27,4.061233,30.784,209,111,210,3
28,4.061233,28.416,209,111,210,3
29,4.061233,30.784,209,111,210,3
30,4.061233,29.456,209,111,210,3
31,4.061233,22.8,209,111,210,3
32,4.097304,28.416,249,89,190,7
33,4.097304,26.352,249,89,190,7
34,4.097304,30.128,249,89,190,7
35,4.097304,31.376,249,89,190,7
36,4.097304,27.232,249,89,190,7
37,4.097304,30.72,249,89,190,7
38,4.097304,28.336,249,89,190,7
39,4.097304,28.416,249,89,190,7
40,4.097304,29.008,249,89,190,7
41,4.165792,22.944,190,89,150,23
42,4.165792,24.656,190,89,150,23
43,4.165792,9.92,190,89,150,23
44,4.165792,2.24,190,89,150,23
45,4.165792,0.896,190,89,150,23
46,4.165792,19.536,190,89,150,23
47,4.165792,16.08,190,89,150,23
48,4.165792,24.576,190,89,150,23
49,4.165792,28.192,190,89,150,23
50,4.165792,19.04,249,118,250,3
51,4.165792,26.368,249,118,250,3
52,4.165792,27.76,249,118,250,3
53,4.165792,9.2,249,118,250,3
54,4.165792,25.408,249,118,250,3
55,4.165792,30.784,249,118,250,3
56,4.165792,29.6,249,100,250,1
57,4.165792,29.6,249,100,250,1
58,4.165792,29.008,249,100,250,1
59,4.165792,30.784,249,100,250,1
60,4.165792,29.008,249,100,250,1
61,4.165792,26.048,249,100,250,1
62,4.198125,32.56,370,97,230,1
63,4.198125,28.416,370,97,230,1
64,4.198125,31.376,370,97,230,1
65,4.198125,28.416,180,92,210,3
66,4.198125,30.192,180,92,210,3
67,4.198125,30.048,180,92,210,3
68,4.198125,29.008,180,92,210,3
69,4.198125,29.008,180,92,210,3
70,4.198125,29.008,180,92,210,3
71,4.198125,30.192,180,92,210,3
72,4.198125,29.6,180,92,210,3
73,4.198125,30.192,180,92,210,3
74,4.198125,20.064,180,92,210,3
75,4.198125,23.616,210,102,170,3
76,4.198125,19.904,210,102,170,3
77,4.198125,29.472,210,102,170,3
78,4.198125,23.536,210,102,170,3
79,4.198125,29.008,210,102,170,3
80,4.198125,28.416,210,102,170,3
81,4.229128,33.152,210,80,150,22
82,4.229128,19.68,210,80,150,22
83,4.229128,31.232,210,80,150,22
84,4.229128,29.376,210,80,150,22
85,4.229128,29.008,210,80,150,22
86,4.229128,29.536,210,80,150,22
87,4.198125,29.6,290,86,130,7
88,4.198125,30.192,290,86,130,7
89,4.198125,29.008,290,86,130,7
90,4.198125,28.416,290,86,130,7
91,4.198125,29.6,290,86,130,7
92,4.198125,30.784,290,79,110,5
93,4.198125,29.6,290,79,110,5
94,4.198125,27.76,290,79,110,5
95,4.198125,30.192,290,79,110,5
96,4.198125,27.232,290,79,110,5
97,4.198125,31.376,290,79,110,5
98,4.229128,27.824,179,98,90,9
99,4.229128,15.84,179,98,90,9
100,4.229128,41.44,179,98,90,9
101,4.229128,29.008,179,98,90,9
102,4.229128,28.416,179,98,90,9
103,4.229128,27.76,179,98,90,9
104,4.229128,29.536,170,82,70,1
105,4.229128,13.264,170,82,70,1
106,4.229128,22.224,170,82,70,1
107,4.229128,30.192,170,82,70,1
108,4.229128,29.008,170,82,70,1
109,4.229128,21.312,170,82,70,1
110,4.229128,37.296,211,114,165,1
111,4.229128,29.6,211,114,165,1
112,4.229128,18.352,211,114,165,1
113,4.229128,31.312,211,114,165,1
114,4.229128,29.008,211,114,165,1
115,4.229128,29.008,211,114,165,1
116,4.229128,28.416,211,114,165,1
117,4.229128,26.864,211,114,165,1
118,4.229128,29.6,211,114,165,1
119,4.229128,29.6,140,54,145,2
120,4.229128,30.784,140,54,145,2
121,4.229128,28.416,140,54,145,2
122,4.229128,27.824,140,54,145,2
123,4.229128,31.376,140,85,145,1
124,4.229128,25.68,140,85,145,1
125,4.229128,21.312,140,85,145,1
126,4.229128,37.248,140,85,145,1
127,4.229128,29.008,140,85,145,1
128,4.229128,30.64,140,85,145,1
129,4.229128,30.192,140,85,145,1
130,4.229128,28.416,140,85,145,1
131,4.229128,29.008,140,85,145,1
132,4.229128,26.048,140,85,145,1
133,4.258759,19.984,148,85,125,1
134,4.258759,16.432,148,85,125,1
135,4.258759,37.888,148,85,125,1
136,4.258759,29.536,148,85,125,1
137,4.258759,30.704,148,85,125,1
138,4.258759,27.76,300,84,60,2
139,4.258759,29.312,300,84,60,2
140,4.258759,25.84,300,84,60,2
141,4.258759,30.128,300,84,60,2
142,4.258759,22.064,300,82,40,3
143,4.258759,28.048,300,82,40,3
144,4.258759,27.76,300,82,40,3
145,4.258759,24.784,300,82,40,3
146,4.258759,21.488,120,121,134,2
147,4.258759,30.784,120,121,134,2
148,4.258759,25.248,120,121,134,2
149,4.258759,4,120,121,134,2
150,4.258759,0.448,120,121,134,2
151,4.258759,16.432,120,121,134,2
152,4.258759,23.696,318,128,134,16
153,4.258759,29.008,318,128,134,16
154,4.258759,15.424,318,128,134,16
155,4.258759,0,318,128,134,16
156,4.258759,10.672,318,128,134,16
157,4.258759,4.448,318,128,134,16
158,4.258759,6.672,318,128,134,16
159,4.258759,1.792,318,128,134,16
160,4.258759,23.088,338,75,134,3
161,4.258759,23.84,338,75,134,3
162,4.258759,15.488,338,75,134,3
163,4.258759,11.04,338,75,134,3
164,4.258759,31.904,338,75,134,3
165,4.258759,30.784,338,75,134,3
166,4.258759,25.84,140,106,60,0
167,4.258759,12.592,140,106,60,0
168,4.258759,28.416,140,106,60,0
169,4.258759,29.76,140,106,60,0
170,4.258759,29.6,140,106,60,0
171,4.258759,30.192,140,106,60,0
172,4.258759,27.168,140,106,60,0
173,4.258759,15.04,140,106,60,0
174,4.258759,18.064,140,72,40,15
175,4.258759,19.392,140,72,40,15
176,4.258759,31.968,140,72,40,15
177,4.258759,23.024,140,72,40,15
178,4.258759,10.752,140,72,40,15
179,4.258759,29.456,140,72,40,15
180,4.258759,29.6,140,72,40,15
181,4.258759,29.008,140,72,40,15
182,4.258759,31.376,230,76,59,2
183,4.258759,29.008,230,76,59,2
184,4.258759,29.6,230,76,59,2
185,4.258759,28.416,230,76,59,2
186,4.258759,30.192,230,76,59,2
187,4.258759,30.784,230,76,59,2
188,4.258759,29.008,230,76,59,2
189,4.258759,18.096,230,76,59,2
190,4.258759,29.008,140,90,40,25
191,4.258759,29.6,140,90,40,25
192,4.258759,29.6,140,90,40,25
193,4.258759,30.064,140,90,40,25
194,4.258759,28.416,140,90,40,25
195,4.258759,30.784,140,90,40,25
196,4.258759,28.416,140,90,40,25
197,4.258759,28.416,149,75,40,1
198,4.258759,30.192,149,75,40,1
199,4.258759,28.944,149,75,40,1
200,4.258759,30.784,149,75,40,1
201,4.258759,25.84,149,75,40,1
202,4.258759,30.048,149,75,40,1
203,4.258759,28.72,149,75,40,1
204,4.258759,25.552,149,75,40,1
205,4.258759,19.04,129,80,60,2
206,4.258759,28.128,129,80,60,2
207,4.258759,22.496,129,80,60,2
208,4.258759,24.368,129,80,60,2
209,4.258759,29.6,129,80,60,2
210,4.258759,29.6,129,80,60,2
211,4.258759,29.6,129,80,60,2
212,4.258759,28.192,190,85,60,8
213,4.258759,30.784,190,85,60,8
214,4.258759,27.76,190,85,60,8
215,4.258759,30.784,190,85,60,8
216,4.258759,11.776,190,85,60,8
217,4.258759,34.928,190,85,60,8
218,4.286976,25.024,317,84,40,1
219,4.286976,17.936,317,84,40,1
220,4.286976,30.64,317,84,40,1
221,4.286976,19.344,317,84,40,1
222,4.286976,30.784,317,79,47,2
223,4.286976,29.6,317,79,47,2
224,4.286976,29.008,317,79,47,2
225,4.286976,29.312,317,79,47,2
226,4.286976,28.416,317,79,47,2
227,4.286976,28.416,317,79,47,2
228,4.286976,31.376,228,77,52,2
229,4.286976,28.8,228,77,52,2
230,4.286976,26.512,228,77,52,2
231,4.286976,29.6,228,77,52,2
232,4.286976,25.248,228,77,52,2
233,4.286976,18.064,228,77,52,2
234,4.286976,31.968,228,77,52,2
235,4.286976,29.008,269,101,117,11
236,4.286976,12.144,269,101,117,11
237,4.286976,26.944,269,101,117,11
238,4.286976,29.6,269,101,117,11
239,4.286976,23.984,269,101,117,11
240,4.286976,28.128,269,101,117,11
241,4.286976,28.048,269,101,117,11
242,4.286976,30.784,140,127,159,9
243,4.286976,20.816,140,127,159,9
244,4.286976,29.968,140,127,159,9
245,4.286976,17.552,140,127,159,9
246,4.286976,3.712,140,127,159,9
247,4.286976,11.04,140,127,159,9
248,4.286976,14.88,140,127,159,9
249,4.286976,9.632,140,127,159,9
250,4.286976,23.392,151,93,119,2
251,4.286976,21.856,151,93,119,2
252,4.286976,23.76,151,93,119,2
253,4.286976,23.632,151,93,119,2
254,4.286976,24,309,130,124,1
255,4.286976,30.72,309,130,124,1
256,4.286976,10.064,309,130,124,1
257,4.286976,31.968,309,130,124,1
258,4.286976,26.496,309,130,124,1
259,4.286976,23.088,309,130,124,1
260,4.286976,37.296,309,130,124,1
261,4.286976,27.68,309,130,124,1
262,4.258759,5.424,309,155,250,2
263,4.258759,25.552,309,155,250,2
264,4.258759,28.416,309,155,250,2
265,4.258759,30.192,309,155,250,2
266,4.258759,29.008,309,155,250,2
267,4.258759,28.416,309,155,250,2
268,4.258759,29.008,309,155,250,2
269,4.258759,28.416,160,92,230,7
270,4.258759,30.192,160,92,230,7
271,4.258759,30.784,160,92,230,7
272,4.258759,28.784,160,92,230,7
273,4.258759,31.968,160,92,230,7
274,4.258759,28.416,160,92,230,7
275,4.286976,29.6,210,91,210,18
276,4.286976,29.6,210,91,210,18
277,4.286976,28.416,210,91,210,18
278,4.286976,30.784,210,91,210,18
279,4.286976,28.416,210,91,210,18
280,4.286976,30.784,210,91,210,18
281,4.286976,29.6,210,91,210,18
282,4.286976,29.6,210,91,210,18
283,4.258759,29.008,161,82,170,4
284,4.258759,27.824,161,82,170,4
285,4.258759,31.376,161,82,170,4
286,4.258759,27.824,161,82,170,4
287,4.258759,30.784,161,82,170,4
288,4.258759,28.416,161,82,170,4
289,4.258759,30.784,161,82,170,4
290,4.258759,29.6,161,82,170,4
291,4.258759,29.6,161,82,170,4
292,4.258759,29.008,161,82,170,4
293,4.286976,29.6,159,110,150,2
294,4.286976,28.352,159,110,150,2
295,4.286976,24.864,159,110,150,2
296,4.286976,35.52,159,110,150,2
297,4.286976,29.6,159,110,150,2
298,4.286976,29.6,159,110,150,2
299,4.286976,19.392,159,110,150,2
300,4.286976,31.968,159,110,150,2
301,4.286976,30.192,179,94,150,2
302,4.286976,23.536,179,94,150,2
303,4.286976,29.6,179,94,150,2
304,4.286976,27.76,179,94,150,2
305,4.286976,26.304,179,78,150,23
306,4.286976,28.416,179,78,150,23
307,4.286976,30.784,179,78,150,23
308,4.286976,24.512,179,78,150,23
309,4.286976,25.68,198,86,150,23
310,4.286976,27.824,198,86,150,23
311,4.286976,27.824,198,86,150,23
312,4.286976,29.6,198,86,150,23
313,4.286976,29.6,198,86,150,23
314,4.286976,28.8,198,76,150,15
315,4.286976,26.128,198,76,150,15
316,4.286976,29.6,158,69,130,2
317,4.286976,26.368,158,69,130,2
318,4.286976,29.008,158,69,130,2
319,4.286976,30.784,158,69,130,2
320,4.286976,29.6,158,69,130,2
321,4.286976,29.6,158,69,130,2
322,4.286976,29.008,158,69,130,2
323,4.286976,30.192,158,69,130,2
324,4.286976,30.192,178,82,156,3
325,4.286976,30.192,178,82,156,3
326,4.286976,29.008,178,82,156,3
327,4.286976,29.008,178,82,156,3
328,4.286976,30.192,178,82,156,3
329,4.286976,27.232,178,82,156,3
330,4.286976,30.784,178,82,156,3
331,4.286976,28.416,118,105,139,2
332,4.286976,30.784,118,105,139,2
333,4.286976,27.232,118,105,139,2
334,4.286976,29.6,118,105,139,2
335,4.286976,29.6,118,105,139,2
336,4.286976,30.192,118,105,139,2
337,4.286976,29.6,118,105,139,2
338,4.286976,29.008,118,105,139,2
339,4.286976,29.008,118,105,139,2
340,4.286976,30.192,162,93,139,7
341,4.286976,29.6,162,93,139,7
342,4.286976,30.784,162,93,139,7
343,4.286976,28.416,162,93,139,7
344,4.286976,30.192,162,93,139,7
345,4.286976,30.192,162,93,139,7
346,4.286976,29.008,162,93,139,7
347,4.286976,30.192,162,93,139,7
348,4.286976,29.6,177,70,162,14
349,4.286976,29.008,177,70,162,14
350,4.286976,29.6,177,70,162,14
351,4.286976,29.008,177,70,162,14
352,4.286976,28.416,177,70,162,14
353,4.286976,25.024,177,70,162,14
354,4.286976,28.864,177,70,162,14
355,4.286976,29.6,177,70,162,14
356,4.286976,29.6,177,70,162,14
357,4.286976,30.192,177,70,162,14
358,4.286976,29.6,140,81,162,2
359,4.286976,29.6,140,81,162,2
360,4.286976,29.6,140,81,162,2
361,4.286976,27.68,140,81,162,2
362,4.286976,29.008,140,66,162,1
363,4.286976,29.008,140,66,162,1
364,4.286976,29.6,140,66,162,1
365,4.286976,30.192,140,66,162,1
366,4.286976,29.008,140,66,162,1
367,4.286976,28.416,140,66,162,1
368,4.286976,29.6,140,66,162,1
369,4.286976,30.784,132,66,162,1
370,4.286976,28.416,132,66,162,1
371,4.286976,29.6,132,66,162,1
372,4.286976,28.416,132,66,162,1
373,4.286976,30.784,132,66,162,1
374,4.286976,28.416,132,66,162,1
375,4.286976,30.784,132,66,162,1
376,4.286976,28.416,132,66,162,1
377,4.286976,30.192,132,66,162,1
378,4.286976,28.416,132,66,162,1
379,4.286976,30.784,131,71,160,11
380,4.286976,18.944,131,71,160,11
381,4.286976,25.456,131,71,160,11
382,4.286976,37.296,131,71,160,11
383,4.286976,28.416,131,71,160,11
384,4.286976,29.6,131,71,160,11
385,4.286976,29.6,131,71,160,11
386,4.286976,33.152,131,71,160,11
387,4.286976,29.6,131,71,160,11
388,4.286976,29.6,131,71,160,11
389,4.286976,27.344,370,93,173,24
390,4.286976,29.008,370,93,173,24
391,4.286976,30.192,370,93,173,24
392,4.286976,29.6,370,93,173,24
393,4.286976,29.008,370,93,173,24
394,4.286976,29.008,370,93,173,24
395,4.286976,29.6,370,93,173,24
396,4.286976,28.416,210,80,173,1
397,4.286976,30.784,210,80,173,1
398,4.286976,30.784,210,80,173,1
399,4.286976,29.008,210,80,173,1
400,4.286976,29.008,210,80,173,1
401,4.286976,29.008,210,80,173,1
402,4.286976,30.192,210,80,173,1
403,4.286976,29.6,270,80,173,1
404,4.286976,26.048,270,80,173,1
405,4.286976,35.52,270,80,173,1
406,4.286976,29.6,270,80,173,1
407,4.286976,27.824,270,80,173,1
408,4.286976,30.784,270,80,173,1
409,4.286976,30.192,270,80,173,1
410,4.286976,27.824,270,80,173,1
411,4.286976,29.6,270,80,173,1
412,4.286976,29.008,250,116,250,10
413,4.286976,29.6,250,116,250,10
414,4.286976,28.416,250,116,250,10
415,4.286976,28.416,250,116,250,10
416,4.286976,32.56,250,56,250,4
417,4.286976,30.784,250,56,250,4
418,4.286976,28.416,250,56,250,4
419,4.286976,30.784,250,56,250,4
420,4.286976,29.6,250,56,250,4
421,4.286976,30.192,250,56,250,4
422,4.286976,23.776,250,56,250,4
423,4.286976,29.008,258,87,230,18
424,4.286976,29.6,258,87,230,18
425,4.286976,30.192,258,87,230,18
426,4.286976,29.6,258,87,230,18
427,4.286976,28.416,258,87,230,18
428,4.286976,29.6,258,87,230,18
429,4.286976,29.008,258,87,230,18
430,4.286976,2.368,258,87,230,18
