Time,MOS,BW,RTT,JIT,DJB,SNR
1,4.362723,34.8,0,99,50,16
2,4.362723,34.8,0,99,50,16
3,4.362723,34.8,0,99,50,16
4,4.405381,34.8,129,83,60,2
5,4.405381,34.8,129,83,60,2
6,4.405381,34.8,129,83,60,2
7,4.405381,34.104,129,83,60,2
8,4.405381,35.496,129,83,60,2
9,4.424232,34.104,139,75,40,3
10,4.424232,32.712,139,75,40,3
11,4.424232,36.888,139,75,40,3
12,4.424232,33.408,139,75,40,3
13,4.424232,25.056,129,88,43,4
14,4.424232,45.936,129,88,43,4
15,4.424232,34.104,129,88,43,4
16,4.424232,35.496,129,88,43,4
17,4.424232,34.104,129,74,71,2
18,4.424232,32.016,129,74,71,2
19,4.424232,6.96,129,74,71,2
20,4.424232,6.96,129,74,71,2
21,4.424232,4.872,129,74,71,2
22,4.424232,4.872,129,74,71,2
23,4.424232,4.872,129,74,71,2
24,4.424232,11.832,129,74,71,2
25,4.424232,16.704,129,74,71,2
26,4.424232,26.448,129,74,71,2
27,4.424232,84.216,129,74,71,2
28,4.424232,32.016,129,74,71,2
29,4.424232,34.104,129,74,71,2
30,4.424232,37.584,129,74,71,2
31,4.424232,34.8,129,74,71,2
32,4.424232,35.496,129,74,71,2
33,4.424232,33.408,129,74,71,2
34,4.424232,34.8,129,74,71,2
35,4.424232,34.8,129,74,71,2
36,4.424232,35.496,129,74,71,2
37,4.424232,34.104,129,74,71,2
38,4.424232,35.496,129,74,71,2
39,4.424232,34.104,129,74,71,2
40,4.424232,34.8,129,74,71,2
41,4.424232,31.32,129,74,71,2
42,4.424232,37.584,129,74,71,2
43,4.424232,35.496,129,74,71,2
44,4.424232,35.496,129,74,71,2
45,4.424232,34.8,129,74,71,2
46,3.864288,34.8,129,78,59,13
47,3.864288,25.752,129,78,59,13
48,3.864288,41.76,129,78,59,13
49,3.864288,34.8,129,78,59,13
50,3.864288,34.8,129,78,59,13
51,3.864288,31.32,129,78,59,13
52,3.864288,39.672,129,78,59,13
53,3.946216,34.104,130,78,49,1
54,3.946216,34.8,130,78,49,1
55,3.946216,34.8,130,78,49,1
56,3.946216,34.8,130,78,49,1
57,3.985647,34.8,130,84,58,1
58,3.985647,34.8,130,84,58,1
59,3.985647,34.8,130,84,58,1
60,3.985647,34.8,130,84,58,1
61,3.985647,34.104,130,84,58,1
62,3.985647,34.8,130,84,58,1
63,3.985647,34.8,130,84,58,1
64,4.024,34.8,130,70,77,18
65,4.024,34.8,130,70,77,18
66,4.024,35.496,130,70,77,18
67,4.024,34.104,130,70,77,18
68,4.024,34.104,130,70,77,18
69,4.024,34.8,130,70,77,18
70,4.024,33.408,130,70,77,18
71,4.024,34.8,130,70,77,18
72,4.024,34.8,130,70,77,18
73,4.024,34.8,130,70,77,18
74,4.024,34.8,130,70,77,18
75,4.024,34.8,130,70,77,18
76,4.024,34.8,130,70,77,18
77,4.024,34.8,130,70,77,18
78,4.024,34.8,130,70,77,18
79,4.024,34.8,130,70,77,18
80,4.024,34.8,130,70,77,18
81,4.024,34.8,130,70,77,18
82,4.097304,34.104,119,68,40,5
83,4.097304,34.8,119,68,40,5
84,4.097304,34.8,119,68,40,5
85,4.097304,34.8,119,68,40,5
86,4.132171,34.8,121,66,45,4
87,4.132171,34.8,121,66,45,4
88,4.132171,35.496,121,66,45,4
89,4.132171,34.104,121,66,45,4
90,4.132171,34.8,121,66,45,4
91,4.132171,34.8,121,66,45,4
92,4.132171,34.8,121,66,45,4
93,4.132171,34.8,129,67,40,20
94,4.132171,34.8,129,67,40,20
95,4.132171,34.8,129,67,40,20
96,4.132171,34.8,129,67,40,20
97,4.132171,33.408,129,67,40,20
98,4.132171,34.8,129,67,40,20
99,4.132171,34.8,129,67,40,20
100,4.132171,35.496,129,67,40,20
101,4.132171,34.104,129,67,40,20
102,4.165792,34.8,129,62,40,14
103,4.165792,34.8,129,62,40,14
104,4.165792,34.8,129,62,40,14
105,4.165792,34.8,129,62,40,14
106,4.165792,35.496,129,62,40,14
107,4.165792,34.104,129,62,40,14
108,4.165792,34.8,129,62,40,14
109,4.198125,34.8,148,61,43,4
110,4.198125,34.8,148,61,43,4
111,4.198125,34.8,148,61,43,4
112,4.198125,34.8,148,61,43,4
113,4.198125,34.8,148,61,43,4
114,4.198125,34.8,148,61,43,4
115,4.198125,34.8,148,61,43,4
116,4.198125,34.8,148,61,43,4
117,4.198125,34.104,148,61,43,4
118,4.198125,35.496,148,61,43,4
119,4.198125,34.104,148,61,43,4
120,4.198125,34.8,148,61,43,4
121,4.198125,34.8,148,61,43,4
122,4.198125,34.8,148,61,43,4
123,4.198125,34.8,148,61,43,4
124,4.229128,34.8,120,62,40,26
125,4.229128,34.8,120,62,40,26
126,4.229128,34.8,120,62,40,26
127,4.229128,34.8,120,62,40,26
128,4.229128,34.8,120,62,40,26
129,4.229128,34.8,120,62,40,26
130,4.229128,35.496,120,62,40,26
131,4.229128,34.104,160,77,152,20
132,4.229128,34.8,160,77,152,20
133,4.229128,33.408,160,77,152,20
134,4.229128,34.8,160,77,152,20
135,4.229128,34.8,160,77,152,20
136,4.229128,34.8,160,77,152,20
137,4.229128,34.8,160,77,152,20
138,4.229128,34.8,160,77,152,20
139,4.229128,34.104,160,77,152,20
140,4.229128,34.8,160,63,132,5
141,4.229128,34.8,160,63,132,5
142,4.229128,34.8,160,63,132,5
143,4.229128,34.8,160,63,132,5
144,4.229128,34.8,160,63,132,5
145,4.229128,34.8,160,63,132,5
146,4.229128,34.8,160,63,132,5
147,4.229128,34.8,160,63,132,5
148,4.229128,34.8,160,63,132,5
149,4.229128,34.8,160,63,132,5
150,4.229128,34.8,131,69,92,21
151,4.229128,34.8,131,69,92,21
152,4.229128,34.104,131,69,92,21
153,4.229128,34.8,131,69,92,21
154,4.229128,34.8,131,69,92,21
155,4.229128,34.8,131,69,92,21
156,4.229128,34.8,131,69,92,21
157,4.229128,34.8,131,69,92,21
158,4.229128,34.8,131,69,92,21
159,4.258759,34.8,139,68,52,27
160,4.258759,34.8,139,68,52,27
161,4.258759,34.8,139,68,52,27
162,4.258759,34.8,139,68,52,27
163,4.258759,34.8,139,68,52,27
164,4.258759,34.8,139,68,52,27
165,4.258759,34.8,139,68,52,27
166,4.258759,34.8,139,60,40,4
167,4.258759,34.8,139,60,40,4
168,4.258759,34.8,139,60,40,4
169,4.258759,34.8,139,60,40,4
170,4.258759,34.8,139,60,40,4
171,4.258759,35.496,139,60,40,4
172,4.258759,34.104,139,60,40,4
173,4.258759,34.8,139,60,40,4
174,4.258759,34.8,139,60,40,4
175,4.258759,35.496,139,60,40,4
176,4.258759,33.408,139,60,40,4
177,4.258759,34.8,159,63,40,3
178,4.258759,34.8,159,63,40,3
179,4.258759,34.8,159,63,40,3
180,4.258759,34.8,159,63,40,3
181,4.258759,34.8,159,63,40,3
182,4.258759,34.8,159,63,40,3
183,4.258759,34.8,159,63,40,3
184,4.258759,34.8,159,63,40,3
185,4.258759,34.8,159,63,40,3
186,4.258759,34.8,129,62,40,5
187,4.258759,34.8,129,62,40,5
188,4.258759,36.192,129,62,40,5
189,4.258759,34.104,129,62,40,5
190,4.258759,34.104,129,62,40,5
191,4.258759,34.8,129,62,40,5
192,4.286976,34.8,149,60,40,18
193,4.286976,34.8,149,60,40,18
194,4.286976,34.8,149,60,40,18
195,4.286976,35.496,149,60,40,18
196,4.286976,34.104,149,60,40,18
197,4.286976,34.8,149,60,40,18
198,4.286976,34.8,149,60,40,18
199,4.286976,34.8,149,60,40,18
200,4.286976,34.8,149,60,40,18
201,4.286976,34.8,149,60,40,18
202,4.286976,34.8,149,60,40,18
203,4.286976,34.8,149,60,40,18
204,4.286976,34.8,149,60,40,18
205,4.286976,34.8,149,60,40,18
206,4.286976,34.104,149,60,40,18
207,4.286976,34.8,149,60,40,18
208,4.286976,34.8,149,60,40,18
209,4.286976,34.8,149,60,40,18
210,4.286976,34.8,140,64,47,4
211,4.286976,34.8,140,64,47,4
212,4.286976,34.8,140,64,47,4
213,4.286976,35.496,140,64,47,4
214,4.286976,34.104,140,64,47,4
215,4.286976,34.8,140,64,47,4
216,4.286976,34.8,140,64,47,4
217,4.286976,35.496,140,64,47,4
218,4.286976,34.104,140,64,47,4
219,4.286976,34.8,140,64,47,4
220,4.286976,35.496,160,66,40,6
221,4.286976,34.8,160,66,40,6
222,4.286976,34.8,160,66,40,6
223,4.286976,34.8,160,66,40,6
224,4.286976,34.8,160,66,40,6
225,4.286976,34.8,160,66,40,6
226,4.286976,34.104,160,66,40,6
227,4.286976,33.408,160,66,40,6
228,4.286976,37.584,160,66,40,6
229,4.286976,34.104,160,66,40,6
230,4.286976,34.8,160,66,40,6
231,4.286976,34.8,132,79,40,6
232,4.286976,32.712,132,79,40,6
233,4.286976,36.888,132,79,40,6
234,4.286976,35.496,132,79,40,6
235,4.286976,32.016,132,79,40,6
236,4.286976,34.8,132,79,40,6
237,4.286976,34.8,132,79,40,6
238,4.286976,34.104,132,79,40,6
239,4.286976,35.496,132,79,40,6
240,4.286976,34.8,132,79,40,6
241,4.286976,34.8,132,79,40,6
242,4.286976,34.104,132,79,40,6
243,4.286976,34.8,132,79,40,6
244,4.286976,34.104,132,79,40,6
245,4.286976,35.496,132,79,40,6
246,4.286976,34.104,132,79,40,6
247,4.286976,35.496,132,79,40,6
248,4.286976,34.8,132,79,40,6
249,4.286976,34.8,132,79,40,6
250,4.286976,34.104,132,79,40,6
251,4.286976,34.8,132,79,40,6
252,4.286976,34.8,132,79,40,6
253,4.313737,34.8,139,71,45,1
254,4.313737,34.104,139,71,45,1
255,4.313737,33.408,139,71,45,1
256,4.313737,37.584,139,71,45,1
257,4.313737,34.104,139,71,45,1
258,4.313737,35.496,139,71,45,1
259,4.313737,34.104,139,71,45,1
260,4.313737,35.496,139,71,45,1
261,4.313737,33.408,139,71,45,1
262,4.313737,35.496,139,71,45,1
263,4.313737,34.104,139,71,45,1
264,4.313737,34.104,141,71,40,21
265,4.313737,36.192,141,71,40,21
266,4.313737,34.104,141,71,40,21
267,4.313737,33.408,141,71,40,21
268,4.313737,36.192,141,71,40,21
269,4.313737,34.8,141,71,40,21
270,4.313737,34.8,141,71,40,21
271,4.313737,34.8,141,71,40,21
272,4.313737,34.104,141,71,40,21
273,4.313737,35.496,141,71,40,21
274,4.313737,33.408,141,71,40,21
275,4.313737,36.192,149,76,44,25
276,4.313737,34.8,149,76,44,25
277,4.313737,34.8,149,76,44,25
278,4.313737,34.8,149,76,44,25
279,4.313737,34.8,149,76,44,25
280,4.313737,35.496,149,76,44,25
281,4.313737,34.104,149,76,44,25
282,4.313737,35.496,149,76,44,25
283,4.313737,20.88,149,76,44,25
284,4.313737,39.672,149,76,44,25
285,4.313737,43.152,159,74,174,26
286,4.313737,35.496,159,74,174,26
287,4.313737,34.104,159,74,174,26
288,4.313737,35.496,159,74,174,26
289,4.313737,34.104,159,74,174,26
290,4.313737,34.8,159,74,174,26
291,4.313737,34.104,159,74,174,26
292,4.313737,35.496,249,77,154,2
293,4.313737,34.104,249,77,154,2
294,4.313737,34.104,249,77,154,2
295,4.313737,32.016,249,77,154,2
296,4.313737,37.584,249,77,154,2
297,4.313737,34.104,249,77,154,2
298,4.313737,35.496,249,77,154,2
299,4.313737,34.104,249,77,154,2
300,4.313737,35.496,249,77,154,2
301,4.313737,34.104,249,77,154,2
302,4.313737,35.496,249,77,154,2
303,4.313737,33.408,129,83,114,26
304,4.313737,34.8,129,83,114,26
305,4.313737,34.104,129,83,114,26
306,4.313737,35.496,129,83,114,26
307,4.313737,34.104,129,83,114,26
308,4.313737,35.496,129,83,114,26
309,4.313737,34.104,129,83,114,26
310,4.313737,35.496,129,83,114,26
311,4.313737,32.712,129,83,114,26
312,4.313737,35.496,129,83,114,26
313,4.313737,34.104,129,83,114,26
314,4.313737,35.496,129,83,114,26
315,4.313737,34.8,131,75,74,3
316,4.313737,34.8,131,75,74,3
317,4.313737,34.104,131,75,74,3
318,4.313737,35.496,131,75,74,3
319,4.313737,34.104,131,75,74,3
320,4.313737,34.8,131,75,74,3
321,4.313737,35.496,131,75,74,3
322,4.313737,33.408,131,75,74,3
323,4.313737,34.8,131,75,74,3
324,4.313737,35.496,131,75,74,3
325,4.313737,34.104,131,75,74,3
326,4.313737,35.496,131,75,74,3
327,4.313737,34.104,119,70,52,3
328,4.313737,35.496,119,70,52,3
329,4.313737,34.104,119,70,52,3
330,4.313737,35.496,119,70,52,3
331,4.313737,34.104,119,70,52,3
332,4.313737,35.496,119,70,52,3
333,4.313737,34.104,119,70,52,3
334,4.313737,35.496,119,70,52,3
335,4.313737,34.104,120,64,41,7
336,4.313737,35.496,120,64,41,7
337,4.313737,34.104,120,64,41,7
338,4.313737,34.8,120,64,41,7
339,4.313737,34.104,120,64,41,7
340,4.313737,35.496,120,64,41,7
341,4.313737,34.104,120,64,41,7
342,4.313737,35.496,120,64,41,7
343,4.313737,34.104,120,64,41,7
344,4.313737,35.496,120,64,41,7
345,4.313737,34.104,120,64,41,7
346,4.313737,35.496,128,69,51,20
347,4.313737,34.104,128,69,51,20
348,4.313737,35.496,128,69,51,20
349,4.313737,34.104,128,69,51,20
350,4.313737,35.496,128,69,51,20
351,4.313737,34.104,128,69,51,20
352,4.313737,35.496,128,69,51,20
353,4.313737,34.104,128,69,51,20
354,4.313737,35.496,128,69,51,20
355,4.313737,34.104,128,69,51,20
356,4.313737,34.8,139,66,40,2
357,4.313737,34.104,139,66,40,2
358,4.313737,35.496,139,66,40,2
359,4.313737,34.104,139,66,40,2
360,4.313737,35.496,139,66,40,2
361,4.313737,34.104,139,66,40,2
362,4.313737,35.496,139,66,40,2
363,4.313737,34.104,139,66,40,2
364,4.313737,35.496,139,66,40,2
365,4.313737,32.016,139,66,40,2
366,4.313737,36.192,139,66,40,2
367,4.313737,35.496,139,66,40,2
368,4.339,32.712,109,77,170,4
369,4.339,35.496,109,77,170,4
370,4.339,35.496,109,77,170,4
371,4.339,35.496,109,77,170,4
372,4.339,34.8,109,77,170,4
373,4.339,32.016,109,77,170,4
374,4.339,38.28,109,77,170,4
375,4.339,34.104,109,77,170,4
376,4.339,34.8,139,83,130,2
377,4.339,34.8,139,83,130,2
378,4.339,35.496,139,83,130,2
379,4.339,34.104,139,83,130,2
380,4.339,1.392,139,83,130,2
